1 [[1,8,2,4,3,9,4,1,5],[6,5,5,1,1,4,9,3,3],[8,4,6,9,5,3,2,6,7],[4,8,3,8,7,8,8,2,9],[1,6,4,2,3,6,5,9,1],[9,5,8,3,5,2,7,6,1],[2,5,3,1,6,4,4,2,8],[5,4,4,2,9,3,7,7,6],[7,9,1,5,1,6,3,8,8]]


Realizando la búsqueda, sea paciente por favor.

Matriz solución:
[0, 8, 2, 4, 0, 9, 0, 1, 5]
[6, 0, 5, 0, 1, 4, 9, 3, 0]
[8, 4, 6, 9, 5, 0, 2, 0, 7]
[4, 0, 3, 0, 7, 8, 0, 2, 9]
[1, 6, 0, 2, 3, 0, 5, 9, 0]
[9, 0, 8, 3, 0, 2, 7, 6, 1]
[2, 5, 0, 1, 6, 0, 4, 0, 8]
[5, 0, 4, 0, 9, 3, 0, 7, 6]
[7, 9, 1, 5, 0, 6, 3, 8, 0]
Número de componentes conexas: 1

La ejecución ha tardado: 0.05338025093078613

2 [[1,8,2,5,1,4,2,2,9],[7,1,4,3,3,9,3,8,5],[8,2,8,4,6,5,3,9,5],[3,4,4,9,3,8,5,5,1],[3,7,9,8,2,7,1,6,4],[1,5,3,4,7,2,8,4,5],[3,6,8,4,9,6,8,2,3],[8,9,2,1,4,3,1,5,6],[8,3,5,3,8,6,4,5,7]]


Realizando la búsqueda, sea paciente por favor.

Matriz solución:
[0, 8, 0, 5, 1, 4, 2, 0, 9]
[7, 1, 4, 3, 0, 9, 0, 8, 5]
[0, 2, 8, 0, 6, 5, 3, 9, 0]
[3, 4, 0, 9, 0, 8, 5, 0, 1]
[0, 7, 9, 8, 2, 0, 1, 6, 4]
[1, 5, 3, 0, 7, 2, 0, 4, 0]
[0, 6, 0, 4, 9, 0, 8, 2, 3]
[8, 9, 2, 1, 4, 3, 0, 5, 6]
[0, 3, 5, 0, 8, 6, 4, 0, 7]
Número de componentes conexas: 1

La ejecución ha tardado: 0.04689598083496094

3 [[8,6,2,1,4,4,3,2,7],[2,4,8,9,8,6,5,2,5],[4,8,9,7,2,4,6,6,3],[6,8,5,3,7,9,8,7,4],[7,7,4,8,5,2,7,3,9],[2,9,7,5,8,3,7,5,1],[6,5,6,5,1,7,2,8,1],[9,1,7,7,3,4,2,5,8],[4,3,1,5,9,8,4,7,6]]


Realizando la búsqueda, sea paciente por favor.

Matriz solución:
[8, 6, 2, 1, 0, 4, 3, 0, 7]
[0, 4, 0, 9, 8, 6, 0, 2, 5]
[4, 8, 9, 0, 2, 0, 6, 0, 3]
[6, 0, 5, 3, 0, 9, 8, 7, 4]
[0, 7, 4, 8, 5, 2, 0, 3, 9]
[2, 9, 0, 5, 0, 3, 7, 0, 1]
[0, 5, 6, 0, 1, 7, 0, 8, 0]
[9, 1, 0, 7, 3, 0, 2, 5, 8]
[0, 3, 1, 0, 9, 8, 4, 0, 6]
Número de componentes conexas: 1

La ejecución ha tardado: 0.08499383926391602

4 [[5,2,3,5,8,5,4,6,7],[8,1,6,9,3,2,4,7,4],[4,5,9,6,1,7,3,6,4],[8,9,2,3,7,5,8,1,5],[3,7,6,2,5,4,3,9,6],[2,8,6,4,7,1,6,4,9],[7,8,5,3,6,9,2,8,3],[9,6,2,5,3,3,5,4,1],[6,5,1,2,4,8,9,7,2]]


Realizando la búsqueda, sea paciente por favor.

Matriz solución:
[0, 2, 3, 0, 8, 5, 4, 0, 7]
[8, 1, 0, 9, 3, 2, 0, 7, 4]
[4, 5, 9, 0, 1, 7, 3, 6, 0]
[0, 9, 0, 3, 7, 0, 8, 1, 5]
[3, 7, 6, 2, 5, 4, 0, 9, 0]
[2, 8, 0, 4, 0, 1, 6, 0, 9]
[7, 0, 5, 0, 6, 9, 2, 8, 3]
[9, 6, 2, 5, 0, 3, 0, 4, 1]
[6, 0, 1, 0, 4, 8, 9, 0, 2]
Número de componentes conexas: 1

La ejecución ha tardado: 8.206192970275879

5 [[3,5,6,4,5,8,9,1,3],[9,4,8,6,2,3,7,5,3],[7,3,2,4,4,6,1,7,1],[6,9,2,2,1,6,5,3,8],[4,8,5,1,7,9,4,4,1],[2,4,6,1,8,6,6,9,8],[4,6,1,8,8,5,1,2,7],[2,7,5,3,5,2,1,6,4],[1,2,7,2,6,8,4,2,9]]


Realizando la búsqueda, sea paciente por favor.

Matriz solución:
[3, 5, 6, 4, 0, 8, 9, 1, 0]
[9, 0, 8, 6, 2, 0, 7, 5, 3]
[0, 3, 2, 0, 4, 6, 0, 7, 0]
[6, 9, 0, 2, 1, 0, 5, 3, 8]
[0, 8, 5, 0, 7, 9, 0, 4, 1]
[2, 4, 0, 1, 8, 0, 6, 9, 0]
[4, 6, 1, 8, 0, 5, 0, 2, 7]
[0, 7, 0, 3, 5, 2, 1, 6, 4]
[1, 2, 7, 0, 6, 0, 4, 0, 9]
Número de componentes conexas: 1

La ejecución ha tardado: 0.008039474487304688

6 [[1,6,5,7,3,8,9,3,3],[9,1,3,2,4,6,8,7,5],[2,7,8,3,5,4,8,3,4],[7,7,1,4,7,2,6,8,9],[3,6,6,5,7,6,4,5,2],[8,2,1,5,3,9,1,3,6],[6,3,2,1,4,6,3,9,5],[5,8,5,3,9,3,2,1,7],[6,6,9,3,1,5,7,8,4]]


Realizando la búsqueda, sea paciente por favor.

Matriz solución:
[1, 0, 5, 7, 0, 8, 9, 0, 3]
[9, 1, 3, 2, 4, 0, 8, 7, 5]
[2, 0, 8, 0, 5, 4, 0, 3, 0]
[0, 7, 1, 4, 0, 2, 6, 8, 9]
[3, 0, 6, 0, 7, 0, 4, 5, 2]
[8, 2, 0, 5, 3, 9, 1, 0, 6]
[0, 3, 2, 1, 0, 6, 0, 9, 0]
[5, 8, 0, 3, 9, 0, 2, 1, 7]
[0, 6, 9, 0, 1, 5, 7, 0, 4]
Número de componentes conexas: 1

La ejecución ha tardado: 0.0825660228729248

7 [[6,3,7,5,1,3,8,8,4],[5,2,6,9,3,7,4,9,6],[9,5,6,2,1,3,8,4,7],[4,7,3,1,1,6,3,7,2],[3,4,8,7,6,1,9,2,3],[8,8,6,9,1,4,5,3,5],[7,1,9,4,2,5,3,2,8],[3,7,3,4,7,8,4,1,9],[8,6,5,3,9,8,7,4,5]]


Realizando la búsqueda, sea paciente por favor.

Matriz solución:
[6, 0, 7, 5, 0, 3, 0, 8, 4]
[5, 2, 6, 0, 3, 7, 4, 9, 0]
[9, 5, 0, 2, 1, 0, 8, 0, 7]
[4, 0, 3, 1, 0, 6, 0, 7, 2]
[3, 4, 8, 7, 6, 1, 9, 2, 0]
[0, 8, 0, 9, 0, 4, 0, 3, 5]
[7, 1, 9, 0, 2, 5, 3, 0, 8]
[0, 7, 0, 4, 0, 8, 0, 1, 9]
[8, 6, 5, 3, 9, 0, 7, 4, 0]
Número de componentes conexas: 1

La ejecución ha tardado: 0.0

8 [[2,4,9,4,7,8,5,9,1],[4,2,6,5,3,1,7,8,3],[9,4,8,2,1,3,1,6,7],[6,9,2,2,4,8,4,7,5],[2,3,5,8,2,7,5,4,9],[5,6,7,3,8,4,9,3,2],[8,4,9,6,3,7,1,3,8],[3,1,4,9,6,5,4,2,7],[8,2,1,2,4,5,3,7,2]]


Realizando la búsqueda, sea paciente por favor.

Matriz solución:
[2, 0, 9, 4, 7, 0, 5, 0, 1]
[4, 2, 6, 5, 0, 1, 7, 8, 3]
[9, 0, 8, 0, 1, 3, 0, 6, 0]
[6, 9, 0, 2, 0, 8, 4, 0, 5]
[0, 3, 5, 8, 2, 7, 0, 4, 9]
[5, 6, 7, 0, 8, 4, 9, 3, 2]
[0, 4, 0, 6, 3, 0, 1, 0, 8]
[3, 1, 4, 9, 6, 5, 0, 2, 7]
[8, 0, 1, 0, 4, 0, 3, 7, 0]
Número de componentes conexas: 1

La ejecución ha tardado: 0.05034375190734863

9 [[5,1,6,4,9,8,2,4,3],[7,6,4,3,4,8,2,9,3],[3,8,1,2,6,3,7,5,4],[6,2,4,8,1,1,3,7,3],[2,6,7,8,8,5,9,4,6],[1,9,5,7,8,6,3,1,2],[9,7,7,1,5,4,8,2,7],[7,1,9,3,2,7,5,6,8],[6,4,3,9,7,2,1,7,5]]


Realizando la búsqueda, sea paciente por favor.

Matriz solución:
[5, 1, 6, 0, 9, 0, 2, 4, 3]
[0, 6, 0, 3, 4, 8, 0, 9, 0]
[3, 8, 1, 2, 6, 0, 7, 5, 4]
[6, 2, 4, 8, 0, 1, 3, 7, 0]
[2, 0, 7, 0, 8, 5, 9, 0, 6]
[0, 9, 5, 7, 0, 6, 0, 1, 2]
[9, 7, 0, 1, 5, 4, 8, 2, 0]
[7, 0, 9, 0, 2, 0, 5, 6, 8]
[0, 4, 3, 9, 7, 2, 1, 0, 5]
Número de componentes conexas: 1

La ejecución ha tardado: 2.04248046875

10 [[4,7,6,8,7,5,9,1,2],[5,1,3,2,4,9,7,3,2],[3,5,9,3,3,8,2,6,4],[7,9,5,3,7,4,1,2,2],[9,8,8,6,2,1,3,3,5],[8,6,6,4,1,3,2,7,9],[1,4,1,7,6,2,7,9,5],[2,8,1,6,9,5,4,5,7],[4,7,4,9,5,5,1,1,3]]


Realizando la búsqueda, sea paciente por favor.

Matriz solución:
[4, 0, 6, 8, 7, 0, 9, 1, 2]
[5, 1, 0, 2, 4, 9, 0, 3, 0]
[0, 5, 9, 0, 3, 8, 2, 6, 4]
[7, 9, 5, 3, 0, 4, 0, 2, 0]
[9, 0, 8, 0, 2, 1, 3, 0, 5]
[8, 6, 0, 4, 1, 3, 0, 7, 9]
[0, 4, 1, 0, 6, 2, 7, 9, 0]
[2, 8, 0, 6, 9, 0, 4, 5, 7]
[0, 7, 4, 9, 0, 5, 1, 0, 3]
Número de componentes conexas: 1

La ejecución ha tardado: 0.10250163078308105

11 [[3,8,6,4,9,2,4,2,5],[2,3,4,9,8,6,3,7,1],[6,7,8,1,3,6,7,2,4],[8,4,2,3,8,1,9,5,7],[8,2,6,4,1,1,8,5,8],[5,1,3,8,5,7,3,6,9],[6,3,7,2,5,4,2,2,3],[9,3,6,1,4,5,7,4,8],[4,6,9,5,4,6,1,3,5]]


Realizando la búsqueda, sea paciente por favor.

Matriz solución:
[3, 8, 6, 0, 9, 2, 4, 0, 5]
[2, 0, 4, 9, 8, 0, 3, 7, 1]
[0, 7, 8, 0, 3, 6, 0, 2, 4]
[8, 4, 2, 3, 0, 1, 9, 0, 7]
[0, 2, 0, 4, 1, 0, 8, 5, 0]
[5, 1, 3, 8, 0, 7, 0, 6, 9]
[6, 0, 7, 0, 5, 4, 2, 0, 3]
[9, 3, 0, 1, 0, 5, 7, 4, 8]
[0, 6, 9, 5, 4, 0, 1, 3, 0]
Número de componentes conexas: 1

La ejecución ha tardado: 0.0

12 [[4,3,2,9,8,5,1,1,7],[2,5,6,1,6,9,3,8,3],[1,4,8,3,7,6,6,1,4],[7,5,4,2,5,8,3,5,1],[8,9,1,3,3,6,7,2,4],[8,8,4,5,1,1,9,5,2],[3,1,5,8,8,7,4,9,4],[1,8,4,1,9,3,1,5,8],[2,2,7,4,6,2,8,3,6]]


Realizando la búsqueda, sea paciente por favor.

Matriz solución:
[4, 3, 2, 9, 8, 5, 1, 0, 7]
[2, 0, 6, 1, 0, 9, 0, 8, 3]
[0, 4, 8, 3, 7, 0, 6, 1, 0]
[7, 5, 0, 2, 0, 8, 3, 0, 1]
[8, 9, 1, 0, 3, 6, 7, 2, 4]
[0, 8, 0, 5, 1, 0, 9, 0, 2]
[3, 1, 5, 8, 0, 7, 4, 9, 0]
[1, 0, 4, 0, 9, 3, 0, 5, 8]
[0, 2, 7, 4, 6, 0, 8, 3, 0]
Número de componentes conexas: 1

La ejecución ha tardado: 0.008030414581298828

13 [[9,2,5,1,8,1,3,8,7],[8,1,6,1,3,2,7,9,5],[3,6,7,5,7,8,1,2,9],[5,4,9,1,5,1,8,6,1],[8,3,6,6,8,7,2,5,4],[6,8,3,2,1,3,4,7,3],[7,5,1,9,3,3,1,3,8],[6,4,5,3,9,4,5,1,2],[3,9,7,8,7,5,2,3,8]]


Realizando la búsqueda, sea paciente por favor.

Matriz solución:
[9, 2, 0, 1, 8, 0, 3, 0, 7]
[0, 1, 6, 0, 3, 2, 7, 9, 5]
[3, 6, 0, 5, 7, 8, 0, 2, 9]
[0, 4, 9, 0, 5, 1, 8, 6, 0]
[8, 3, 0, 6, 0, 7, 0, 5, 4]
[0, 8, 3, 2, 1, 0, 4, 7, 0]
[7, 5, 0, 9, 0, 3, 1, 0, 8]
[6, 0, 5, 3, 9, 4, 0, 1, 2]
[0, 9, 7, 8, 0, 5, 2, 3, 0]
Número de componentes conexas: 1

La ejecución ha tardado: 0.1227715015411377

14 [[9,1,7,2,8,5,4,8,1],[7,4,1,6,9,5,3,5,8],[3,5,6,4,3,7,5,2,7],[8,3,4,7,5,3,5,1,9],[6,7,3,4,5,4,3,8,2],[2,8,1,2,1,6,7,6,8],[3,9,6,3,7,1,2,4,5],[4,1,9,5,2,8,2,1,7],[4,2,8,5,4,6,8,7,7]]


Realizando la búsqueda, sea paciente por favor.

Matriz solución:
[9, 0, 7, 0, 8, 5, 4, 0, 1]
[7, 4, 1, 6, 9, 0, 3, 5, 8]
[0, 5, 0, 4, 3, 7, 0, 2, 0]
[8, 0, 4, 7, 0, 3, 5, 0, 9]
[6, 7, 3, 0, 5, 4, 0, 8, 2]
[0, 8, 0, 2, 1, 0, 7, 6, 0]
[3, 9, 6, 0, 7, 1, 0, 4, 5]
[4, 0, 9, 5, 0, 8, 2, 1, 7]
[0, 2, 8, 0, 4, 6, 0, 7, 0]
Número de componentes conexas: 1

La ejecución ha tardado: 0.09056258201599121

15 [[1,2,6,8,4,3,8,8,5],[3,6,5,1,2,9,3,8,2],[8,6,2,3,9,7,1,5,5],[5,8,8,9,7,4,7,2,6],[9,3,1,8,2,6,8,7,2],[5,7,8,7,6,7,2,3,1],[2,1,4,3,7,2,3,7,8],[1,5,5,3,3,8,9,6,1],[3,7,9,6,8,1,7,4,3]]


Realizando la búsqueda, sea paciente por favor.

Matriz solución:
[0, 2, 6, 0, 4, 3, 8, 0, 5]
[3, 0, 5, 1, 0, 9, 0, 8, 2]
[8, 6, 2, 0, 9, 7, 1, 5, 0]
[0, 8, 0, 9, 0, 4, 7, 2, 6]
[9, 3, 1, 8, 2, 6, 0, 7, 0]
[5, 0, 8, 7, 6, 0, 2, 3, 1]
[0, 1, 4, 0, 7, 2, 3, 0, 8]
[1, 5, 0, 3, 0, 8, 9, 6, 0]
[0, 7, 9, 6, 8, 1, 0, 4, 3]
Número de componentes conexas: 1

La ejecución ha tardado: 0.16105151176452637

16 [[4,8,6,1,9,6,1,4,3],[9,7,7,6,8,5,6,1,4],[1,8,4,2,6,3,8,6,7],[8,2,5,4,7,9,1,3,1],[7,1,3,5,3,7,9,8,4],[4,6,9,5,1,8,4,7,8],[3,3,8,9,2,5,6,4,1],[1,3,7,4,1,1,5,2,9],[2,5,4,7,3,6,8,9,5]]


Realizando la búsqueda, sea paciente por favor.

Matriz solución:
[0, 8, 6, 0, 9, 0, 1, 4, 3]
[9, 7, 0, 6, 8, 5, 0, 1, 0]
[1, 0, 4, 2, 0, 3, 8, 6, 7]
[8, 2, 5, 0, 7, 9, 0, 3, 0]
[0, 1, 3, 5, 0, 7, 9, 8, 4]
[4, 6, 9, 0, 1, 8, 0, 7, 0]
[3, 0, 8, 9, 2, 0, 6, 0, 1]
[0, 3, 7, 4, 0, 1, 5, 2, 9]
[2, 5, 0, 7, 3, 6, 0, 9, 0]
Número de componentes conexas: 1

La ejecución ha tardado: 0.21187114715576172

17 [[9,1,3,5,7,2,1,2,4],[6,5,8,8,3,3,5,7,1],[3,5,2,6,9,2,7,4,2],[4,2,4,1,5,9,5,8,7],[5,4,9,7,1,5,4,3,7],[1,7,7,2,8,1,9,5,6],[5,6,1,8,2,7,4,9,6],[6,7,4,3,6,1,5,2,9],[7,9,2,4,8,6,8,4,2]]


Realizando la búsqueda, sea paciente por favor.

Matriz solución:
[9, 0, 3, 5, 7, 2, 1, 0, 4]
[6, 5, 0, 8, 0, 3, 0, 7, 1]
[3, 0, 2, 6, 9, 0, 7, 4, 0]
[4, 2, 0, 1, 0, 9, 5, 8, 7]
[0, 4, 9, 7, 1, 5, 0, 3, 0]
[1, 0, 7, 2, 8, 0, 9, 5, 6]
[5, 6, 1, 0, 2, 7, 4, 9, 0]
[0, 7, 4, 3, 6, 1, 0, 2, 9]
[7, 9, 0, 4, 0, 6, 8, 0, 2]
Número de componentes conexas: 1

La ejecución ha tardado: 0.1690230369567871

18 [[7,6,4,4,5,5,1,8,3],[5,5,1,8,6,9,7,3,7],[6,8,4,7,1,8,3,5,5],[9,1,5,3,7,2,4,6,6],[1,7,7,2,3,8,6,5,8],[2,2,7,7,5,4,8,1,3],[4,2,8,1,2,6,5,3,9],[1,2,6,4,4,2,8,9,1],[1,5,2,7,8,1,9,4,6]]


Realizando la búsqueda, sea paciente por favor.

Matriz solución:
[7, 6, 0, 4, 0, 5, 1, 8, 0]
[5, 0, 1, 8, 6, 9, 0, 3, 7]
[6, 8, 4, 0, 1, 0, 3, 0, 5]
[9, 1, 5, 3, 7, 2, 4, 6, 0]
[0, 7, 0, 2, 3, 0, 6, 5, 8]
[2, 0, 7, 0, 5, 4, 0, 1, 3]
[4, 2, 8, 1, 0, 6, 5, 0, 9]
[1, 0, 6, 0, 4, 0, 8, 9, 0]
[0, 5, 2, 7, 8, 1, 9, 4, 6]
Número de componentes conexas: 1

La ejecución ha tardado: 0.04227733612060547

19 [[1,4,7,2,5,7,2,3,9],[8,7,6,7,1,2,9,5,5],[5,2,1,6,9,6,3,7,8],[2,1,6,5,2,3,6,8,5],[9,5,7,1,8,5,4,7,6],[7,5,2,4,3,6,8,4,5],[8,2,5,7,2,9,8,1,7],[3,4,5,8,6,2,7,3,2],[4,9,3,2,7,8,5,6,1]]


Realizando la búsqueda, sea paciente por favor.

Matriz solución:
[1, 4, 0, 2, 5, 7, 0, 3, 9]
[0, 7, 6, 0, 1, 2, 9, 5, 0]
[5, 0, 1, 6, 9, 0, 3, 7, 8]
[2, 1, 0, 5, 0, 3, 6, 8, 0]
[9, 5, 7, 1, 8, 0, 4, 0, 6]
[7, 0, 2, 0, 3, 6, 8, 4, 5]
[8, 2, 0, 7, 0, 9, 0, 1, 0]
[3, 0, 5, 8, 6, 0, 7, 0, 2]
[4, 9, 3, 0, 7, 8, 5, 6, 1]
Número de componentes conexas: 1

La ejecución ha tardado: 0.18116521835327148

20 [[3,3,8,5,6,2,7,2,3],[3,7,9,4,5,2,8,7,1],[7,1,6,8,6,7,8,3,6],[6,4,3,6,9,8,5,8,2],[2,3,4,5,7,8,3,5,9],[5,2,6,5,1,3,4,7,6],[8,8,8,6,8,4,3,9,5],[8,9,2,3,4,2,6,1,7],[2,5,8,2,4,6,1,7,3]]


Realizando la búsqueda, sea paciente por favor.

Matriz solución:
[0, 3, 8, 0, 6, 0, 7, 2, 0]
[3, 7, 9, 4, 5, 2, 8, 0, 1]
[0, 1, 0, 8, 0, 7, 0, 3, 6]
[6, 4, 3, 0, 9, 0, 5, 8, 2]
[2, 0, 4, 5, 7, 8, 3, 0, 9]
[5, 2, 6, 0, 1, 3, 4, 7, 0]
[0, 8, 0, 6, 0, 4, 0, 9, 5]
[8, 9, 2, 3, 4, 0, 6, 1, 7]
[0, 5, 0, 2, 0, 6, 1, 0, 3]
Número de componentes conexas: 1

La ejecución ha tardado: 0.0

21 [[6,8,8,5,8,6,4,9,3],[1,7,3,8,2,8,5,1,4],[4,4,9,4,8,3,7,6,1],[8,6,2,7,5,2,9,5,3],[3,4,7,1,5,1,3,1,8],[6,5,8,1,9,7,3,4,2],[2,8,6,3,8,4,8,7,5],[7,1,5,8,4,7,7,1,6],[7,3,7,2,6,5,1,8,7]]


Realizando la búsqueda, sea paciente por favor.

Matriz solución:
[0, 8, 0, 5, 0, 6, 4, 9, 3]
[1, 7, 3, 8, 2, 0, 5, 0, 4]
[4, 0, 9, 0, 8, 3, 0, 6, 1]
[8, 6, 0, 7, 0, 2, 9, 5, 0]
[0, 4, 7, 1, 5, 0, 3, 0, 8]
[6, 5, 8, 0, 9, 7, 0, 4, 2]
[2, 0, 6, 3, 0, 4, 8, 7, 5]
[0, 1, 5, 0, 4, 0, 7, 0, 6]
[7, 3, 0, 2, 6, 5, 1, 8, 0]
Número de componentes conexas: 1

La ejecución ha tardado: 1.198277235031128

22 [[5,9,4,8,1,8,5,6,3],[4,1,3,1,4,6,9,8,7],[1,8,4,5,7,2,7,4,3],[5,1,8,7,2,3,4,3,1],[9,7,6,4,3,1,4,3,3],[4,1,7,4,3,6,8,5,9],[8,3,3,6,5,9,1,7,1],[7,2,1,3,9,8,6,3,8],[3,3,5,4,4,8,7,1,2]]


Realizando la búsqueda, sea paciente por favor.

Matriz solución:
[0, 9, 4, 8, 1, 0, 5, 6, 0]
[4, 0, 3, 1, 0, 6, 9, 8, 7]
[1, 8, 0, 5, 7, 2, 0, 4, 3]
[5, 0, 8, 7, 2, 3, 4, 0, 1]
[9, 7, 6, 4, 0, 1, 0, 3, 0]
[0, 1, 7, 0, 3, 0, 8, 5, 9]
[8, 3, 0, 6, 5, 9, 1, 7, 0]
[7, 2, 1, 3, 9, 0, 6, 0, 8]
[3, 0, 5, 0, 4, 8, 7, 1, 2]
Número de componentes conexas: 1

La ejecución ha tardado: 0.05037498474121094

23 [[1,9,3,5,8,7,4,7,1],[8,3,2,5,7,4,5,9,6],[2,4,1,5,9,6,3,6,5],[6,1,2,7,2,5,6,3,8],[7,2,6,5,5,1,8,2,8],[9,5,7,3,6,8,2,1,6],[1,3,8,2,4,3,8,8,9],[5,2,4,6,6,9,1,8,2],[3,2,7,4,1,6,9,3,6]]


Realizando la búsqueda, sea paciente por favor.

Matriz solución:
[0, 9, 3, 0, 8, 0, 4, 7, 1]
[8, 0, 2, 5, 7, 4, 0, 9, 0]
[2, 4, 1, 0, 9, 0, 3, 6, 5]
[0, 1, 0, 7, 2, 5, 6, 3, 0]
[7, 0, 6, 0, 5, 1, 0, 2, 8]
[9, 5, 7, 3, 6, 8, 2, 1, 0]
[1, 3, 0, 2, 4, 0, 8, 0, 9]
[5, 0, 4, 6, 0, 9, 1, 8, 2]
[3, 2, 0, 4, 1, 0, 9, 0, 6]
Número de componentes conexas: 1

La ejecución ha tardado: 0.19139313697814941

24 [[1,4,5,8,7,8,3,6,3],[8,1,7,4,4,5,2,1,9],[7,1,2,1,6,8,4,9,5],[2,3,1,5,9,4,7,7,8],[7,2,4,2,1,9,5,8,7],[9,5,3,2,8,8,1,6,6],[3,4,7,9,6,3,7,5,3],[4,7,1,6,6,3,9,2,8],[5,2,9,4,2,1,7,3,3]]


Realizando la búsqueda, sea paciente por favor.

Matriz solución:
[1, 0, 5, 8, 7, 0, 3, 6, 0]
[8, 1, 7, 0, 4, 5, 2, 0, 9]
[7, 0, 2, 1, 0, 8, 4, 9, 5]
[2, 3, 0, 5, 9, 4, 0, 7, 0]
[0, 2, 4, 0, 1, 9, 5, 8, 7]
[9, 5, 3, 2, 8, 0, 1, 0, 6]
[0, 4, 0, 9, 0, 3, 7, 5, 0]
[4, 7, 1, 0, 6, 0, 9, 2, 8]
[5, 0, 9, 4, 2, 1, 0, 3, 0]
Número de componentes conexas: 1

La ejecución ha tardado: 0.050370216369628906

25 [[7,1,8,1,9,4,3,4,4],[6,3,2,4,5,1,3,7,9],[5,4,1,5,8,3,4,6,2],[5,1,7,3,5,4,2,8,2],[8,2,6,1,7,5,9,3,8],[7,8,2,9,3,7,2,2,3],[1,7,9,8,2,5,7,5,3],[2,6,3,7,4,9,1,1,8],[5,7,6,8,6,3,6,9,8]]


Realizando la búsqueda, sea paciente por favor.

Matriz solución:
[7, 0, 8, 0, 9, 0, 3, 4, 0]
[6, 3, 2, 4, 5, 1, 0, 7, 9]
[5, 0, 1, 0, 8, 0, 4, 6, 0]
[0, 1, 7, 3, 0, 4, 0, 8, 2]
[8, 2, 6, 1, 7, 5, 9, 3, 0]
[0, 8, 0, 9, 0, 7, 0, 2, 3]
[1, 0, 9, 0, 2, 0, 7, 5, 0]
[2, 6, 3, 7, 4, 9, 0, 1, 8]
[0, 7, 0, 8, 0, 3, 6, 9, 0]
Número de componentes conexas: 1

La ejecución ha tardado: 0.24172234535217285

26 [[3,1,8,3,7,3,5,6,2],[9,2,1,7,8,7,6,2,3],[1,4,7,5,5,9,4,3,3],[7,7,5,3,3,8,2,7,4],[4,4,3,1,9,6,4,2,5],[7,9,2,1,3,5,1,8,4],[4,3,1,8,6,8,9,5,7],[3,5,6,5,4,2,2,1,9],[5,6,9,6,3,4,3,6,1]]


Realizando la búsqueda, sea paciente por favor.

Matriz solución:
[0, 1, 8, 0, 7, 3, 5, 6, 2]
[9, 2, 1, 7, 8, 0, 6, 0, 3]
[1, 0, 7, 0, 5, 9, 4, 3, 0]
[0, 7, 5, 3, 0, 8, 2, 0, 4]
[4, 0, 3, 1, 9, 6, 0, 2, 5]
[7, 9, 2, 0, 3, 5, 1, 8, 0]
[0, 3, 0, 8, 6, 0, 9, 5, 7]
[3, 5, 6, 0, 4, 2, 0, 1, 9]
[5, 0, 9, 6, 0, 4, 3, 0, 1]
Número de componentes conexas: 1

La ejecución ha tardado: 0.09064984321594238

27 [[9,1,2,3,5,8,7,2,4],[2,7,4,5,8,8,9,4,6],[4,8,4,9,6,4,3,5,7],[6,5,5,1,3,4,2,4,7],[1,3,4,8,7,2,5,4,9],[2,4,9,7,2,5,2,7,5],[7,4,3,4,1,1,8,6,5],[2,6,7,2,1,1,4,3,8],[3,8,1,7,4,2,6,6,2]]


Realizando la búsqueda, sea paciente por favor.

Matriz solución:
[9, 1, 0, 3, 5, 0, 7, 2, 4]
[0, 7, 4, 5, 0, 8, 9, 0, 6]
[4, 8, 0, 9, 6, 0, 3, 5, 0]
[6, 0, 5, 1, 3, 4, 2, 0, 7]
[1, 3, 0, 8, 7, 0, 5, 4, 9]
[0, 4, 9, 0, 2, 5, 0, 7, 0]
[7, 0, 3, 4, 0, 1, 8, 0, 5]
[2, 6, 7, 0, 1, 0, 4, 3, 8]
[3, 0, 1, 7, 4, 2, 0, 6, 0]
Número de componentes conexas: 1

La ejecución ha tardado: 0.20576214790344238

28 [[5,8,6,9,7,4,1,5,3],[3,4,3,2,1,5,2,9,2],[8,3,3,5,7,2,7,5,1],[8,5,7,4,8,3,6,3,9],[3,6,7,1,1,9,1,7,2],[9,6,1,3,3,8,5,6,4],[8,9,5,3,5,6,8,7,7],[4,1,6,7,6,3,6,8,5],[3,2,4,5,9,3,3,1,2]]


Realizando la búsqueda, sea paciente por favor.

Matriz solución:
[5, 8, 6, 9, 7, 4, 1, 0, 3]
[0, 4, 3, 0, 1, 5, 0, 9, 2]
[8, 3, 0, 5, 0, 2, 7, 0, 1]
[0, 5, 7, 4, 8, 0, 6, 3, 9]
[3, 6, 0, 1, 0, 9, 0, 7, 0]
[9, 0, 1, 0, 3, 8, 5, 6, 4]
[0, 9, 5, 3, 0, 6, 8, 0, 7]
[4, 1, 0, 7, 6, 3, 0, 8, 5]
[0, 2, 4, 0, 9, 0, 3, 1, 0]
Número de componentes conexas: 1

La ejecución ha tardado: 0.23179101943969727

29 [[1,9,1,3,8,1,5,8,6],[2,1,3,2,7,4,6,6,9],[6,4,4,9,3,2,1,7,2],[8,2,3,5,6,5,9,4,7],[5,7,9,1,7,6,7,5,3],[8,6,2,8,5,9,8,3,2],[9,3,1,7,1,2,6,8,5],[1,6,8,2,4,3,3,9,3],[2,7,6,5,9,3,3,1,8]]


Realizando la búsqueda, sea paciente por favor.

Matriz solución:
[0, 9, 0, 3, 8, 1, 5, 0, 6]
[2, 1, 3, 0, 7, 4, 0, 6, 9]
[6, 0, 4, 9, 3, 2, 1, 7, 0]
[8, 2, 0, 5, 6, 0, 9, 4, 7]
[5, 0, 9, 1, 0, 6, 7, 0, 3]
[0, 6, 2, 0, 5, 9, 8, 3, 0]
[9, 3, 0, 7, 1, 0, 6, 8, 5]
[1, 0, 8, 2, 4, 3, 0, 9, 0]
[0, 7, 6, 0, 9, 0, 3, 1, 8]
Número de componentes conexas: 1

La ejecución ha tardado: 0.25394153594970703

30 [[2,5,9,6,2,7,8,3,4],[4,8,8,7,2,6,3,2,4],[7,2,5,3,6,1,6,4,5],[5,3,2,4,4,6,6,1,5],[1,9,4,2,4,5,8,4,6],[2,2,6,6,8,9,7,5,7],[5,4,1,6,5,2,7,8,8],[8,1,7,1,5,3,7,6,9],[1,1,3,9,1,4,5,8,6]]


Realizando la búsqueda, sea paciente por favor.

Matriz solución:
[0, 5, 9, 0, 2, 7, 0, 3, 4]
[4, 0, 8, 7, 0, 6, 3, 2, 0]
[7, 2, 0, 3, 6, 1, 0, 4, 5]
[0, 3, 2, 0, 4, 0, 6, 1, 0]
[1, 9, 4, 2, 0, 5, 8, 0, 6]
[2, 0, 6, 0, 8, 9, 0, 5, 7]
[5, 4, 1, 6, 0, 2, 7, 0, 8]
[8, 0, 7, 1, 5, 3, 0, 6, 9]
[0, 1, 3, 9, 0, 4, 5, 8, 0]
Número de componentes conexas: 1

La ejecución ha tardado: 0.10025310516357422

31 [[1,7,6,3,4,1,5,7,8],[2,8,3,7,8,6,8,4,9],[4,3,2,9,3,5,7,1,8],[9,2,5,1,2,7,3,7,1],[6,1,5,3,9,7,7,5,4],[2,8,4,1,6,9,1,5,3],[1,2,9,4,5,2,6,8,6],[5,9,5,1,4,8,5,6,5],[8,4,1,8,7,2,9,3,7]]


Realizando la búsqueda, sea paciente por favor.

Matriz solución:
[0, 7, 6, 0, 4, 1, 5, 0, 8]
[2, 0, 3, 7, 8, 6, 0, 4, 9]
[4, 3, 2, 9, 0, 5, 7, 1, 0]
[9, 0, 5, 0, 2, 0, 3, 7, 1]
[6, 1, 0, 3, 9, 7, 0, 5, 4]
[0, 8, 4, 0, 6, 9, 1, 0, 3]
[1, 2, 9, 4, 5, 0, 6, 8, 0]
[0, 9, 0, 1, 0, 8, 0, 6, 5]
[8, 4, 1, 0, 7, 2, 9, 3, 0]
Número de componentes conexas: 1

La ejecución ha tardado: 0.03125309944152832

32 [[9,8,8,1,8,5,7,2,6],[3,2,4,8,9,7,6,2,1],[5,7,2,4,6,1,3,9,8],[1,5,9,7,2,6,5,3,7],[2,3,2,6,8,2,5,6,6],[6,8,1,3,1,1,2,4,7],[2,6,7,2,5,4,2,1,5],[7,5,3,5,4,5,1,6,2],[7,1,6,9,4,3,4,2,5]]


Realizando la búsqueda, sea paciente por favor.

Matriz solución:
[9, 0, 8, 1, 0, 5, 7, 2, 0]
[3, 2, 4, 8, 9, 7, 6, 0, 1]
[5, 7, 0, 4, 6, 0, 3, 9, 8]
[1, 0, 9, 7, 2, 6, 0, 3, 0]
[0, 3, 2, 0, 8, 0, 5, 0, 6]
[6, 8, 0, 3, 0, 1, 2, 4, 7]
[0, 6, 7, 2, 5, 4, 0, 1, 0]
[7, 5, 3, 0, 4, 0, 1, 6, 2]
[0, 1, 6, 9, 0, 3, 4, 0, 5]
Número de componentes conexas: 1

La ejecución ha tardado: 0.5325686931610107

33 [[9,3,4,7,7,2,5,4,6],[3,6,1,4,7,5,3,9,8],[7,8,7,3,6,9,7,1,1],[5,7,9,5,2,3,8,3,4],[6,6,7,8,8,1,9,6,5],[6,9,8,1,4,6,3,5,7],[8,5,6,9,8,4,7,3,2],[2,1,3,4,9,8,6,7,3],[1,1,8,5,8,7,6,6,8]]


Realizando la búsqueda, sea paciente por favor.

Matriz solución:
[9, 3, 4, 7, 0, 2, 5, 0, 6]
[0, 6, 1, 0, 7, 5, 3, 9, 8]
[7, 8, 0, 3, 6, 9, 0, 1, 0]
[5, 7, 9, 0, 2, 0, 8, 3, 4]
[6, 0, 7, 8, 0, 1, 9, 0, 5]
[0, 9, 0, 1, 4, 6, 0, 5, 7]
[8, 5, 6, 9, 0, 4, 7, 0, 2]
[2, 1, 0, 4, 9, 8, 6, 7, 3]
[1, 0, 8, 5, 0, 7, 0, 6, 0]
Número de componentes conexas: 1

La ejecución ha tardado: 0.05341672897338867

34 [[7,7,9,7,4,1,5,8,2],[4,5,1,7,1,1,3,7,6],[8,2,5,3,2,7,1,4,1],[7,9,7,5,2,2,6,6,4],[7,3,6,1,8,4,7,2,8],[1,5,3,5,8,6,4,5,8],[9,2,4,8,6,4,4,3,1],[6,8,4,6,7,3,9,1,1],[2,1,4,4,4,9,3,7,3]]


Realizando la búsqueda, sea paciente por favor.

Matriz solución:
[0, 7, 9, 0, 4, 1, 5, 8, 2]
[4, 5, 0, 7, 1, 0, 3, 0, 6]
[8, 0, 5, 3, 0, 7, 1, 4, 0]
[7, 9, 0, 5, 2, 0, 6, 0, 4]
[0, 3, 6, 1, 0, 4, 7, 2, 8]
[1, 0, 3, 0, 8, 6, 0, 5, 0]
[9, 2, 0, 8, 6, 0, 4, 3, 1]
[0, 8, 4, 6, 7, 3, 9, 1, 0]
[2, 1, 0, 4, 0, 9, 0, 7, 3]
Número de componentes conexas: 1

La ejecución ha tardado: 0.13151860237121582

35 [[1,8,7,6,1,2,8,7,7],[4,8,8,7,6,5,9,1,3],[6,1,9,4,4,3,5,2,3],[8,3,3,5,2,3,1,1,6],[7,4,1,7,9,6,7,8,5],[2,8,7,1,3,8,6,7,9],[1,5,4,2,7,9,4,6,8],[8,9,2,9,3,8,7,4,7],[6,7,6,8,4,1,6,5,2]]


Realizando la búsqueda, sea paciente por favor.

Matriz solución:
[1, 8, 0, 6, 0, 2, 0, 7, 0]
[4, 0, 8, 7, 6, 5, 9, 1, 3]
[6, 1, 9, 4, 0, 3, 5, 2, 0]
[0, 3, 0, 5, 2, 0, 1, 0, 6]
[7, 4, 1, 0, 9, 6, 0, 8, 5]
[2, 0, 7, 1, 0, 8, 6, 0, 9]
[0, 5, 0, 2, 7, 9, 4, 6, 8]
[8, 9, 2, 0, 3, 0, 7, 4, 0]
[0, 7, 6, 8, 4, 1, 0, 5, 2]
Número de componentes conexas: 1

La ejecución ha tardado: 0.39690184593200684

36 [[3,2,3,8,9,5,5,4,7],[2,8,4,7,2,1,8,3,6],[3,9,5,4,1,6,5,2,7],[6,5,2,6,8,6,7,9,4],[5,7,6,3,7,8,7,1,3],[4,3,9,8,6,7,1,5,7],[9,1,6,1,3,4,2,6,5],[6,6,5,6,4,1,3,7,4],[6,4,2,2,5,9,6,8,3]]


Realizando la búsqueda, sea paciente por favor.

Matriz solución:
[0, 2, 3, 0, 9, 5, 0, 4, 0]
[2, 0, 4, 7, 0, 1, 8, 3, 6]
[3, 9, 0, 4, 1, 0, 5, 2, 0]
[0, 5, 2, 0, 8, 6, 7, 9, 4]
[5, 7, 0, 3, 0, 8, 0, 1, 0]
[4, 3, 9, 8, 6, 0, 1, 5, 7]
[9, 0, 6, 1, 3, 4, 2, 0, 5]
[0, 6, 5, 0, 4, 0, 3, 7, 0]
[6, 4, 0, 2, 5, 9, 0, 8, 3]
Número de componentes conexas: 1

La ejecución ha tardado: 0.1710958480834961

37 [[3,9,7,1,2,4,7,5,8],[6,8,4,2,8,3,5,3,7],[9,3,3,6,6,7,8,4,2],[7,7,2,3,3,9,3,8,5],[8,2,5,1,3,2,9,7,3],[3,6,3,8,4,5,7,6,9],[4,5,4,4,8,2,4,9,3],[2,3,9,7,1,8,4,6,5],[4,1,2,9,3,6,3,3,4]]


Realizando la búsqueda, sea paciente por favor.

Matriz solución:
[0, 9, 7, 1, 2, 4, 0, 5, 8]
[6, 8, 0, 2, 0, 3, 5, 0, 7]
[9, 0, 3, 0, 6, 7, 8, 4, 2]
[0, 7, 2, 3, 0, 9, 0, 8, 5]
[8, 2, 5, 0, 3, 0, 9, 7, 0]
[3, 6, 0, 8, 4, 5, 7, 0, 9]
[0, 5, 4, 0, 8, 2, 0, 9, 3]
[2, 3, 9, 7, 1, 8, 4, 6, 0]
[0, 1, 0, 9, 0, 6, 0, 3, 4]
Número de componentes conexas: 1

La ejecución ha tardado: 0.17163634300231934

38 [[8,4,5,4,7,8,4,2,1],[7,3,1,1,9,5,8,4,4],[4,3,2,3,5,2,1,2,7],[1,5,6,2,6,9,6,7,3],[3,2,7,9,4,7,5,1,5],[8,6,3,5,1,2,2,9,5],[9,8,8,7,2,8,3,5,2],[3,6,8,4,3,1,2,6,9],[4,1,9,4,6,7,7,3,5]]


Realizando la búsqueda, sea paciente por favor.

Matriz solución:
[0, 4, 5, 0, 7, 8, 0, 2, 1]
[7, 3, 0, 1, 9, 5, 8, 4, 0]
[4, 0, 2, 3, 5, 0, 1, 0, 7]
[1, 5, 0, 2, 0, 9, 6, 7, 3]
[0, 2, 7, 9, 4, 0, 5, 1, 0]
[8, 6, 3, 0, 1, 2, 0, 9, 5]
[9, 8, 0, 7, 2, 0, 3, 5, 0]
[3, 0, 8, 4, 0, 1, 2, 6, 9]
[0, 1, 9, 0, 6, 7, 0, 3, 0]
Número de componentes conexas: 1

La ejecución ha tardado: 0.18079638481140137

39 [[2,9,7,1,7,3,5,5,8],[4,2,8,8,9,8,4,6,5],[4,6,5,7,1,7,9,8,3],[1,5,8,2,5,3,3,7,8],[1,8,9,7,6,1,2,6,4],[6,7,7,9,6,4,2,8,1],[4,1,4,4,8,5,7,9,7],[9,3,6,4,3,2,1,1,7],[8,4,3,5,7,1,1,4,5]]


Realizando la búsqueda, sea paciente por favor.

Matriz solución:
[2, 9, 7, 1, 0, 3, 5, 0, 8]
[0, 2, 0, 8, 9, 0, 4, 6, 5]
[4, 6, 5, 0, 1, 7, 9, 0, 3]
[1, 0, 8, 2, 5, 0, 3, 7, 0]
[0, 8, 9, 7, 6, 1, 2, 0, 4]
[6, 7, 0, 9, 0, 4, 0, 8, 1]
[0, 1, 4, 0, 8, 5, 7, 9, 0]
[9, 3, 6, 4, 0, 2, 0, 1, 7]
[8, 0, 3, 5, 7, 0, 1, 4, 0]
Número de componentes conexas: 1

La ejecución ha tardado: 0.09102058410644531

40 [[6,3,3,9,5,8,4,5,3],[8,1,2,3,9,6,4,7,5],[6,3,5,3,7,1,3,2,8],[6,9,4,6,3,2,1,8,2],[3,8,9,7,2,4,7,5,6],[9,6,7,4,4,3,7,1,2],[4,2,4,7,1,3,8,9,3],[3,6,8,2,4,7,3,6,9],[7,4,8,5,3,9,1,3,8]]


Realizando la búsqueda, sea paciente por favor.

Matriz solución:
[0, 3, 0, 9, 0, 8, 0, 5, 0]
[8, 1, 2, 3, 9, 6, 4, 7, 5]
[6, 0, 5, 0, 7, 1, 0, 2, 0]
[0, 9, 4, 6, 3, 0, 1, 8, 2]
[3, 8, 9, 0, 2, 4, 7, 0, 6]
[9, 0, 7, 4, 0, 3, 0, 1, 0]
[4, 2, 0, 7, 1, 0, 8, 9, 3]
[0, 6, 8, 2, 4, 7, 3, 0, 9]
[7, 4, 0, 5, 0, 9, 0, 3, 8]
Número de componentes conexas: 1

La ejecución ha tardado: 0.07852506637573242

41 [[2,4,3,8,5,6,6,7,8],[9,5,7,8,4,4,6,3,2],[2,3,5,1,9,7,4,8,2],[1,5,8,8,7,9,2,4,6],[4,6,6,7,8,2,9,6,1],[7,6,3,9,4,1,1,2,3],[6,2,3,4,1,3,8,6,7],[3,1,2,5,6,8,4,9,4],[6,1,4,7,3,7,2,1,7]]


Realizando la búsqueda, sea paciente por favor.

Matriz solución:
[0, 4, 0, 8, 5, 6, 0, 7, 0]
[9, 5, 7, 0, 4, 0, 6, 3, 2]
[2, 3, 5, 1, 9, 7, 4, 8, 0]
[1, 0, 8, 0, 7, 9, 0, 4, 6]
[4, 6, 0, 7, 8, 2, 9, 0, 1]
[7, 0, 3, 9, 0, 1, 0, 2, 0]
[0, 2, 0, 4, 1, 3, 8, 6, 7]
[3, 1, 2, 5, 6, 8, 0, 9, 4]
[6, 0, 4, 0, 3, 0, 2, 1, 0]
Número de componentes conexas: 1

La ejecución ha tardado: 0.1531505584716797

42 [[3,3,6,2,1,7,1,1,8],[7,6,4,8,5,1,8,9,3],[1,3,5,6,5,2,7,7,4],[1,1,4,5,7,4,9,8,6],[5,7,9,1,8,3,3,8,4],[2,5,2,5,9,6,3,1,4],[3,1,1,9,2,7,7,5,5],[6,2,8,7,1,9,5,3,7],[4,7,7,3,7,5,8,2,8]]


Realizando la búsqueda, sea paciente por favor.

Matriz solución:
[0, 3, 6, 2, 0, 7, 1, 0, 8]
[7, 6, 4, 0, 5, 1, 8, 9, 3]
[1, 0, 5, 6, 0, 2, 0, 7, 0]
[0, 1, 0, 5, 7, 4, 9, 0, 6]
[5, 7, 9, 1, 0, 3, 0, 8, 4]
[0, 5, 2, 0, 9, 6, 3, 1, 0]
[3, 0, 1, 9, 2, 0, 7, 0, 5]
[6, 2, 8, 0, 1, 9, 5, 3, 7]
[4, 0, 7, 3, 0, 5, 0, 2, 0]
Número de componentes conexas: 1

La ejecución ha tardado: 0.18111205101013184

43 [[4,9,6,6,1,5,3,1,2],[8,6,1,1,2,8,7,9,3],[2,6,3,4,5,8,6,1,9],[6,8,1,2,8,5,2,3,5],[5,4,9,7,3,7,8,4,1],[7,3,4,5,6,9,8,6,2],[7,2,7,8,9,3,4,5,7],[3,1,7,3,6,2,1,8,4],[5,5,1,3,7,1,2,4,6]]


Realizando la búsqueda, sea paciente por favor.

Matriz solución:
[4, 9, 0, 6, 1, 0, 3, 0, 2]
[0, 6, 1, 0, 2, 8, 7, 9, 3]
[2, 0, 3, 4, 5, 0, 6, 1, 9]
[6, 8, 0, 2, 0, 5, 0, 3, 0]
[5, 0, 9, 0, 3, 7, 8, 4, 1]
[7, 3, 4, 5, 0, 9, 0, 6, 0]
[0, 2, 0, 8, 9, 3, 4, 5, 7]
[3, 1, 7, 0, 6, 2, 0, 8, 4]
[0, 5, 0, 3, 7, 1, 2, 0, 6]
Número de componentes conexas: 1

La ejecución ha tardado: 0.9448757171630859

44 [[2,6,7,2,8,9,2,3,4],[5,7,1,2,1,6,4,6,9],[7,5,9,4,1,3,2,1,6],[2,9,1,1,3,7,8,2,5],[9,2,7,5,7,4,6,3,3],[6,4,2,8,2,1,9,3,6],[1,8,5,8,4,2,6,9,7],[1,1,8,7,9,1,3,8,2],[8,3,1,9,6,6,7,5,8]]


Realizando la búsqueda, sea paciente por favor.

Matriz solución:
[0, 6, 7, 0, 8, 9, 2, 0, 4]
[5, 7, 0, 2, 1, 0, 4, 6, 9]
[7, 5, 9, 4, 0, 3, 0, 1, 0]
[0, 9, 1, 0, 3, 7, 8, 2, 5]
[9, 2, 0, 5, 7, 4, 0, 3, 0]
[0, 4, 2, 8, 0, 1, 9, 0, 6]
[1, 8, 5, 0, 4, 2, 6, 9, 7]
[0, 1, 8, 7, 9, 0, 3, 0, 2]
[8, 3, 0, 9, 0, 6, 7, 5, 0]
Número de componentes conexas: 1

La ejecución ha tardado: 0.09263372421264648

45 [[5,7,4,2,2,1,3,5,8],[1,2,2,4,4,7,1,3,5],[8,3,2,6,4,5,7,1,4],[5,8,1,6,8,4,1,7,2],[2,1,8,8,1,9,5,3,3],[2,4,3,5,1,8,8,9,1],[9,8,3,7,5,3,7,5,1],[4,5,9,5,3,8,2,6,7],[7,9,7,2,7,8,1,3,4]]


Realizando la búsqueda, sea paciente por favor.

Matriz solución:
[0, 7, 4, 0, 2, 1, 3, 0, 8]
[1, 2, 0, 4, 0, 7, 0, 3, 5]
[8, 3, 2, 6, 4, 5, 7, 1, 0]
[5, 0, 1, 0, 8, 4, 0, 7, 2]
[2, 1, 0, 8, 0, 9, 5, 0, 3]
[0, 4, 3, 5, 1, 0, 8, 9, 0]
[9, 8, 0, 7, 0, 3, 0, 5, 1]
[4, 5, 9, 0, 3, 8, 2, 6, 7]
[0, 9, 0, 2, 7, 0, 1, 0, 4]
Número de componentes conexas: 1

La ejecución ha tardado: 0.2618999481201172

46 [[1,4,9,3,2,3,5,4,3],[8,2,4,1,8,3,6,5,9],[6,1,8,7,5,8,1,1,4],[2,6,7,3,8,5,8,1,2],[4,6,1,3,7,1,2,9,6],[5,9,8,4,1,2,3,4,7],[5,8,6,7,9,1,4,4,4],[2,5,3,9,6,6,7,8,1],[7,1,3,6,6,4,9,7,5]]


Realizando la búsqueda, sea paciente por favor.

Matriz solución:
[1, 4, 9, 0, 2, 0, 5, 0, 3]
[0, 2, 4, 1, 8, 3, 6, 5, 9]
[6, 0, 8, 0, 5, 0, 1, 0, 4]
[2, 6, 7, 3, 0, 5, 8, 1, 0]
[4, 0, 1, 0, 7, 0, 2, 9, 6]
[0, 9, 0, 4, 1, 2, 3, 0, 7]
[5, 8, 6, 7, 9, 1, 0, 4, 0]
[0, 5, 0, 9, 0, 6, 7, 8, 1]
[7, 1, 3, 0, 6, 4, 9, 0, 5]
Número de componentes conexas: 1

La ejecución ha tardado: 1.4407687187194824

47 [[7,7,5,6,6,2,1,4,2],[1,4,9,3,8,4,5,3,2],[2,7,1,4,6,7,3,9,8],[6,8,7,4,6,5,9,5,1],[4,6,5,8,7,9,8,5,3],[6,7,5,8,2,3,4,8,9],[2,3,4,9,1,5,7,2,2],[9,2,3,5,4,1,6,8,5],[7,1,5,7,9,8,1,3,3]]


Realizando la búsqueda, sea paciente por favor.

Matriz solución:
[0, 7, 0, 6, 0, 2, 1, 4, 0]
[1, 4, 9, 3, 8, 0, 5, 0, 2]
[2, 0, 1, 0, 6, 7, 3, 9, 8]
[0, 8, 7, 4, 0, 5, 9, 0, 1]
[4, 6, 0, 8, 7, 9, 0, 5, 3]
[6, 0, 5, 0, 2, 3, 4, 0, 9]
[0, 3, 4, 9, 1, 0, 7, 2, 0]
[9, 2, 3, 0, 4, 1, 6, 8, 5]
[0, 1, 0, 7, 9, 8, 0, 3, 0]
Número de componentes conexas: 1

La ejecución ha tardado: 0.09041166305541992

48 [[1,2,9,7,4,1,4,3,5],[7,4,5,4,9,2,1,6,3],[4,4,3,2,5,8,6,8,1],[9,6,1,6,3,4,3,7,2],[8,5,7,4,1,3,3,5,2],[7,1,3,6,1,5,5,2,7],[6,7,2,6,4,3,5,8,6],[1,5,8,3,7,5,2,4,6],[5,3,6,2,2,8,2,3,7]]


Realizando la búsqueda, sea paciente por favor.

Matriz solución:
[0, 2, 9, 7, 0, 1, 4, 0, 5]
[7, 4, 5, 0, 9, 2, 1, 6, 3]
[4, 0, 3, 2, 5, 0, 6, 0, 1]
[9, 6, 1, 0, 3, 4, 0, 7, 2]
[8, 0, 7, 4, 1, 0, 3, 5, 0]
[0, 1, 0, 6, 0, 5, 0, 2, 7]
[6, 7, 2, 0, 4, 3, 5, 8, 0]
[1, 5, 8, 3, 7, 0, 2, 4, 6]
[5, 0, 6, 0, 2, 8, 0, 3, 0]
Número de componentes conexas: 1

La ejecución ha tardado: 0.08050990104675293

49 [[9,5,8,7,3,1,2,1,3],[7,2,4,8,3,9,3,1,6],[9,4,7,5,9,6,7,2,1],[5,2,3,9,4,2,1,4,8],[4,1,7,2,6,3,8,8,5],[8,3,1,6,4,6,5,9,5],[9,5,4,4,3,1,1,8,7],[2,7,5,1,8,6,4,2,9],[1,7,7,3,3,5,9,6,7]]


Realizando la búsqueda, sea paciente por favor.

Matriz solución:
[9, 0, 8, 7, 3, 0, 2, 1, 0]
[7, 2, 4, 8, 0, 9, 3, 0, 6]
[0, 4, 0, 5, 9, 0, 7, 2, 1]
[5, 0, 3, 9, 0, 2, 1, 4, 8]
[4, 1, 0, 2, 6, 3, 8, 0, 5]
[8, 3, 1, 6, 4, 0, 5, 9, 0]
[0, 5, 0, 4, 0, 1, 0, 8, 7]
[2, 7, 5, 1, 8, 6, 4, 0, 9]
[1, 0, 7, 3, 0, 5, 9, 6, 0]
Número de componentes conexas: 1

La ejecución ha tardado: 0.13081669807434082

50 [[5,3,6,4,2,9,4,7,1],[2,6,4,8,1,8,5,3,2],[1,7,7,8,8,2,4,6,6],[5,2,8,3,9,7,7,1,5],[7,3,1,8,2,3,8,5,2],[9,1,1,7,4,4,2,6,8],[6,2,5,2,4,1,3,2,4],[3,6,7,1,8,4,1,2,9],[2,9,6,6,5,7,2,4,5]]


Realizando la búsqueda, sea paciente por favor.

Matriz solución:
[5, 3, 6, 4, 0, 9, 0, 7, 1]
[2, 0, 4, 0, 1, 8, 5, 3, 0]
[1, 7, 0, 8, 0, 2, 4, 0, 6]
[0, 2, 8, 3, 9, 0, 7, 1, 5]
[7, 0, 1, 0, 2, 3, 8, 5, 0]
[9, 1, 0, 7, 4, 0, 2, 6, 8]
[6, 0, 5, 2, 0, 1, 3, 0, 4]
[3, 6, 7, 0, 8, 4, 1, 2, 9]
[0, 9, 0, 6, 5, 7, 0, 4, 0]
Número de componentes conexas: 1

La ejecución ha tardado: 0.10070061683654785

51 [[9,2,1,6,3,8,3,5,3],[8,8,7,5,1,9,5,2,4],[8,9,3,2,5,4,5,6,1],[7,7,5,2,3,1,4,4,2],[6,8,4,1,7,6,2,9,5],[7,5,9,5,2,6,7,1,8],[5,8,4,9,6,2,1,2,2],[1,6,8,3,4,2,4,7,1],[4,2,2,1,9,5,4,6,3]]


Realizando la búsqueda, sea paciente por favor.

Matriz solución:
[9, 2, 1, 6, 0, 8, 3, 5, 0]
[8, 0, 7, 5, 1, 9, 0, 2, 4]
[0, 9, 3, 2, 0, 4, 5, 0, 1]
[7, 0, 5, 0, 3, 1, 0, 4, 0]
[6, 8, 0, 1, 7, 0, 2, 9, 5]
[0, 5, 9, 0, 2, 6, 7, 1, 8]
[5, 0, 4, 9, 6, 0, 1, 0, 2]
[1, 6, 8, 3, 0, 2, 4, 7, 0]
[4, 0, 2, 0, 9, 5, 0, 6, 3]
Número de componentes conexas: 1

La ejecución ha tardado: 0.060819149017333984

52 [[1,5,2,8,8,1,3,9,6],[5,6,6,7,4,8,3,2,3],[8,1,3,6,5,1,2,7,4],[8,9,8,1,8,2,3,6,4],[2,7,4,6,6,3,1,7,5],[4,3,8,5,8,7,3,9,2],[2,1,1,4,2,5,8,3,7],[1,2,7,7,9,7,4,5,8],[1,8,6,2,3,4,5,3,8]]


Realizando la búsqueda, sea paciente por favor.

Matriz solución:
[0, 5, 2, 8, 0, 1, 3, 0, 6]
[5, 6, 0, 7, 4, 8, 0, 2, 3]
[8, 0, 3, 6, 5, 0, 2, 7, 0]
[0, 9, 0, 1, 8, 2, 0, 6, 4]
[2, 7, 4, 0, 6, 3, 1, 0, 5]
[4, 3, 8, 5, 0, 7, 0, 9, 2]
[0, 1, 0, 4, 2, 5, 8, 0, 7]
[1, 2, 7, 0, 9, 0, 4, 5, 8]
[0, 8, 6, 2, 0, 4, 5, 3, 0]
Número de componentes conexas: 1

La ejecución ha tardado: 0.20138168334960938

53 [[2,8,6,4,9,5,2,7,8],[5,3,7,1,2,8,6,2,2],[2,8,4,5,5,3,1,2,6],[1,6,1,5,8,7,5,4,3],[8,5,2,5,1,5,9,6,5],[6,8,8,3,2,1,3,9,5],[8,7,1,8,8,2,4,6,9],[9,3,5,6,7,3,2,8,3],[4,2,3,5,6,7,8,1,7]]


Realizando la búsqueda, sea paciente por favor.

Matriz solución:
[2, 0, 6, 4, 9, 5, 0, 7, 8]
[5, 3, 7, 1, 0, 8, 6, 0, 2]
[0, 8, 4, 0, 5, 0, 1, 2, 6]
[1, 6, 0, 5, 8, 7, 0, 4, 3]
[8, 5, 2, 0, 1, 0, 9, 6, 0]
[6, 0, 8, 3, 2, 1, 0, 9, 5]
[0, 7, 1, 8, 0, 2, 4, 0, 9]
[9, 0, 5, 6, 7, 3, 2, 8, 0]
[4, 2, 3, 0, 6, 0, 8, 1, 7]
Número de componentes conexas: 1

La ejecución ha tardado: 0.13080787658691406

54 [[7,4,3,2,8,1,5,6,9],[6,3,8,6,2,5,5,6,1],[2,1,6,3,6,7,1,4,2],[8,7,1,5,3,2,5,5,6],[4,2,9,5,2,8,6,1,1],[3,5,3,8,6,4,7,3,8],[6,9,8,1,4,6,3,8,7],[7,2,7,6,3,3,8,2,4],[3,6,6,8,1,3,2,7,7]]


Realizando la búsqueda, sea paciente por favor.

Matriz solución:
[7, 4, 0, 2, 8, 1, 5, 0, 9]
[0, 3, 8, 0, 2, 5, 0, 6, 1]
[2, 0, 6, 3, 0, 7, 1, 4, 0]
[8, 7, 1, 0, 3, 2, 0, 5, 6]
[4, 0, 9, 5, 0, 8, 6, 1, 0]
[0, 5, 3, 0, 6, 4, 7, 0, 8]
[6, 9, 0, 1, 4, 0, 3, 8, 7]
[0, 2, 7, 6, 0, 3, 8, 0, 4]
[3, 6, 0, 8, 1, 0, 2, 7, 0]
Número de componentes conexas: 1

La ejecución ha tardado: 0.040244102478027344

55 [[3,1,4,7,2,6,3,6,9],[3,6,2,9,4,8,7,5,8],[1,6,6,4,6,9,4,2,3],[5,3,6,1,8,2,2,2,5],[4,8,9,4,1,2,6,3,4],[4,5,3,7,1,6,8,1,4],[6,2,5,7,7,8,9,6,8],[2,9,3,6,5,3,1,8,4],[7,2,1,2,4,5,1,9,6]]


Realizando la búsqueda, sea paciente por favor.

Matriz solución:
[0, 1, 4, 0, 2, 0, 3, 6, 9]
[3, 0, 2, 9, 4, 8, 7, 5, 0]
[1, 6, 0, 4, 0, 9, 0, 2, 3]
[0, 3, 6, 1, 8, 0, 2, 0, 5]
[4, 8, 9, 0, 1, 2, 6, 3, 0]
[0, 5, 3, 7, 0, 6, 8, 1, 4]
[6, 2, 5, 0, 7, 0, 9, 0, 8]
[2, 9, 0, 6, 5, 3, 1, 8, 0]
[7, 0, 1, 2, 0, 5, 0, 9, 6]
Número de componentes conexas: 1

La ejecución ha tardado: 0.06043505668640137

56 [[5,6,4,7,5,8,2,6,5],[1,2,8,4,9,1,6,8,7],[4,7,5,6,1,2,9,3,5],[7,5,1,4,2,8,4,2,9],[8,4,7,2,4,1,4,5,3],[5,3,3,8,4,7,1,2,6],[2,4,6,1,5,3,7,5,8],[3,8,3,9,5,4,3,1,2],[4,1,2,5,1,4,3,7,4]]


Realizando la búsqueda, sea paciente por favor.

Matriz solución:
[0, 6, 4, 7, 0, 8, 2, 0, 5]
[1, 2, 0, 4, 9, 0, 6, 8, 7]
[0, 7, 5, 6, 1, 2, 9, 3, 0]
[7, 5, 1, 0, 2, 0, 4, 0, 9]
[8, 0, 7, 2, 0, 1, 0, 5, 3]
[5, 3, 0, 8, 4, 7, 1, 2, 6]
[0, 4, 6, 1, 0, 3, 7, 0, 8]
[3, 8, 0, 9, 5, 4, 0, 1, 2]
[4, 1, 2, 5, 0, 0, 3, 7, 0]
Número de componentes conexas: 1

La ejecución ha tardado: 1.92409086227417

57 [[4,1,3,9,3,7,3,1,8],[7,5,6,2,7,8,6,4,1],[5,6,1,3,8,2,9,2,2],[6,9,7,6,6,3,2,8,4],[3,7,7,4,6,2,8,9,5],[6,1,9,7,2,5,8,7,3],[9,8,4,7,5,2,5,3,1],[2,5,8,1,4,1,5,6,7],[1,2,1,5,7,6,4,8,1]]


Realizando la búsqueda, sea paciente por favor.

Matriz solución:
[4, 1, 0, 9, 0, 7, 3, 0, 8]
[0, 5, 6, 2, 7, 8, 0, 4, 1]
[5, 6, 0, 3, 8, 0, 9, 2, 0]
[0, 9, 7, 6, 0, 3, 2, 0, 4]
[3, 7, 0, 4, 6, 0, 8, 9, 5]
[6, 0, 9, 0, 2, 5, 0, 7, 3]
[9, 8, 4, 7, 0, 2, 5, 3, 0]
[2, 0, 8, 0, 4, 1, 0, 6, 7]
[0, 2, 1, 5, 0, 6, 4, 8, 0]
Número de componentes conexas: 1

La ejecución ha tardado: 7.137906789779663

58 [[2,4,5,7,8,1,2,5,5],[7,3,2,8,4,7,5,1,7],[6,9,7,2,1,3,4,8,8],[1,3,8,4,7,4,3,3,2],[8,5,1,8,5,7,3,4,6],[3,5,4,7,9,8,2,5,1],[5,8,3,1,5,2,5,9,2],[4,4,5,8,2,9,1,6,8],[7,1,2,4,3,4,8,2,3]]


Realizando la búsqueda, sea paciente por favor.

Matriz solución:
[2, 4, 0, 7, 8, 1, 0, 5, 0]
[0, 3, 2, 0, 4, 0, 5, 1, 7]
[6, 9, 7, 2, 1, 3, 4, 8, 0]
[1, 0, 8, 0, 7, 4, 0, 3, 2]
[0, 5, 1, 8, 0, 7, 3, 4, 6]
[3, 0, 4, 0, 9, 8, 2, 0, 1]
[5, 8, 3, 1, 0, 2, 0, 9, 0]
[4, 0, 5, 0, 2, 9, 1, 6, 8]
[7, 1, 0, 4, 3, 0, 8, 2, 0]
Número de componentes conexas: 1

La ejecución ha tardado: 0.09057402610778809

59 [[5,1,4,4,3,5,9,6,7],[6,8,1,8,4,9,2,2,8],[8,6,4,5,7,3,2,1,2],[2,7,5,7,6,7,4,2,9],[5,8,1,2,2,6,3,5,4],[3,9,6,1,7,1,8,2,5],[1,2,3,5,2,7,3,4,8],[3,7,8,3,2,5,1,9,6],[7,4,9,5,8,2,5,1,1]]


Realizando la búsqueda, sea paciente por favor.

Matriz solución:
[5, 1, 0, 4, 3, 0, 9, 6, 7]
[6, 0, 1, 0, 4, 9, 2, 0, 8]
[8, 6, 4, 5, 0, 3, 0, 1, 2]
[2, 0, 5, 7, 6, 0, 4, 0, 9]
[0, 8, 0, 2, 0, 6, 3, 5, 4]
[3, 9, 6, 1, 7, 0, 8, 2, 5]
[1, 0, 3, 0, 2, 7, 0, 4, 0]
[0, 7, 8, 3, 0, 5, 1, 9, 6]
[7, 4, 9, 0, 8, 2, 5, 0, 1]
Número de componentes conexas: 1

La ejecución ha tardado: 0.151458740234375

60 [[5,5,7,6,6,4,2,1,8],[1,5,3,8,9,3,4,5,2],[4,9,4,5,7,2,6,7,6],[2,8,2,4,7,4,5,5,3],[4,6,8,5,2,9,5,3,1],[8,1,9,3,3,6,8,1,4],[7,2,5,6,1,5,3,4,6],[6,4,4,6,3,5,9,8,8],[8,7,6,3,4,3,4,9,5]]


Realizando la búsqueda, sea paciente por favor.

Matriz solución:
[5, 0, 7, 0, 6, 4, 2, 1, 8]
[1, 5, 3, 8, 9, 0, 4, 0, 2]
[0, 9, 4, 5, 0, 2, 6, 7, 0]
[2, 8, 0, 4, 7, 0, 5, 0, 3]
[4, 6, 8, 0, 2, 9, 0, 3, 1]
[0, 1, 9, 3, 0, 6, 8, 0, 4]
[7, 2, 5, 0, 1, 0, 3, 4, 6]
[0, 4, 0, 6, 3, 5, 9, 8, 0]
[8, 7, 6, 0, 4, 3, 0, 9, 5]
Número de componentes conexas: 1

La ejecución ha tardado: 0.16082239151000977

61 [[4,6,4,9,8,2,9,3,7],[2,7,8,9,3,4,9,3,1],[9,2,5,1,4,1,3,6,3],[9,5,8,4,7,3,4,8,2],[5,7,9,6,7,8,7,2,3],[7,3,3,8,9,9,1,8,6],[1,3,6,3,9,7,4,5,3],[6,8,3,6,5,9,2,8,4],[4,2,7,2,3,1,8,9,5]]


Realizando la búsqueda, sea paciente por favor.

Matriz solución:
[0, 6, 4, 0, 8, 2, 9, 0, 7]
[2, 7, 8, 9, 0, 4, 0, 3, 1]
[0, 2, 5, 0, 4, 1, 3, 6, 0]
[9, 5, 0, 4, 7, 3, 0, 8, 2]
[5, 0, 9, 6, 0, 8, 7, 2, 3]
[7, 3, 0, 8, 9, 0, 1, 0, 6]
[1, 0, 6, 3, 0, 7, 4, 5, 0]
[6, 8, 3, 0, 5, 9, 2, 0, 4]
[4, 0, 7, 2, 3, 0, 8, 9, 5]
Número de componentes conexas: 1

La ejecución ha tardado: 0.20949387550354004

62 [[9,3,7,9,1,6,2,4,5],[8,2,2,1,7,3,5,5,9],[9,7,9,4,5,2,3,2,8],[3,6,8,1,1,9,5,7,7],[3,5,4,8,6,4,7,6,2],[5,1,3,6,4,1,9,6,7],[4,9,2,6,8,7,5,4,9],[2,8,6,7,9,5,1,9,4],[5,4,5,3,9,5,5,9,6]]


Realizando la búsqueda, sea paciente por favor.

Matriz solución:
[0, 3, 7, 9, 0, 6, 2, 4, 5]
[8, 2, 0, 1, 7, 3, 0, 5, 0]
[0, 7, 9, 4, 5, 0, 3, 2, 8]
[3, 6, 8, 0, 1, 9, 0, 7, 0]
[0, 5, 0, 8, 6, 4, 7, 0, 2]
[5, 1, 3, 0, 4, 0, 9, 6, 7]
[4, 0, 2, 6, 8, 7, 5, 0, 9]
[2, 8, 6, 7, 0, 5, 1, 9, 4]
[0, 4, 0, 3, 9, 0, 0, 0, 6]
Número de componentes conexas: 1

La ejecución ha tardado: 0.4452502727508545

64 [[4,3,1,8,1,2,9,9,3],[1,2,7,6,5,9,8,3,1],[5,9,6,9,1,4,1,8,1],[9,4,1,6,2,2,5,6,3],[1,8,8,6,9,3,1,5,6],[3,5,4,2,6,1,9,7,9],[1,6,9,3,7,9,2,5,8],[2,6,9,2,6,7,3,1,6],[8,1,3,5,8,9,9,2,7]]


Realizando la búsqueda, sea paciente por favor.

Matriz solución:
[4, 3, 0, 8, 1, 2, 0, 9, 0]
[0, 2, 7, 0, 5, 9, 8, 3, 1]
[5, 0, 6, 9, 0, 4, 0, 8, 0]
[9, 4, 1, 0, 2, 0, 5, 6, 3]
[0, 8, 0, 6, 9, 3, 1, 5, 0]
[3, 5, 4, 2, 0, 1, 0, 7, 9]
[1, 6, 0, 3, 7, 0, 2, 0, 8]
[2, 0, 9, 0, 6, 7, 3, 1, 0]
[0, 1, 3, 5, 8, 0, 9, 2, 7]
Número de componentes conexas: 1

La ejecución ha tardado: 0.31003618240356445

65 [[6,5,1,6,9,8,6,3,1],[1,8,3,9,5,4,3,7,2],[6,9,9,8,4,7,2,7,3],[6,1,8,1,5,7,3,2,1],[8,7,2,3,7,6,6,1,5],[9,3,5,6,2,3,4,2,1],[3,9,1,2,8,5,7,4,9],[2,4,2,7,3,1,8,2,6],[4,3,7,3,8,1,1,6,9]]


Realizando la búsqueda, sea paciente por favor.

Matriz solución:
[0, 5, 1, 0, 9, 8, 6, 3, 0]
[1, 8, 3, 9, 0, 4, 0, 7, 2]
[6, 0, 9, 8, 4, 7, 2, 0, 3]
[0, 1, 8, 0, 5, 0, 3, 2, 0]
[8, 7, 0, 3, 0, 6, 0, 1, 5]
[9, 0, 5, 6, 2, 3, 4, 0, 1]
[3, 9, 0, 2, 0, 5, 7, 4, 0]
[0, 4, 2, 7, 3, 1, 8, 0, 6]
[4, 3, 7, 0, 8, 0, 1, 6, 9]
Número de componentes conexas: 1

La ejecución ha tardado: 1.7036800384521484

66 [[3,5,7,4,7,2,1,6,1],[9,4,3,7,4,1,2,5,7],[6,1,9,1,5,6,3,2,4],[5,8,3,5,2,9,2,7,7],[7,4,2,9,4,6,8,5,5],[9,6,2,3,7,4,9,8,2],[1,9,8,9,6,2,5,2,7],[3,2,1,6,8,5,6,1,3],[2,1,5,8,4,7,4,9,6]]


Realizando la búsqueda, sea paciente por favor.

Matriz solución:
[0, 5, 7, 4, 0, 2, 0, 6, 1]
[9, 0, 3, 7, 4, 1, 2, 5, 0]
[6, 1, 9, 0, 5, 0, 3, 2, 4]
[0, 8, 0, 5, 2, 9, 0, 7, 0]
[7, 4, 2, 9, 0, 6, 8, 0, 5]
[0, 6, 0, 3, 7, 4, 9, 8, 2]
[1, 9, 8, 0, 6, 0, 5, 0, 7]
[3, 2, 0, 6, 8, 5, 0, 1, 0]
[2, 0, 5, 8, 0, 7, 4, 9, 6]
Número de componentes conexas: 1

La ejecución ha tardado: 0.28032803535461426

67 [[2,9,8,3,8,6,5,1,7],[4,2,1,4,6,1,9,3,4],[4,5,3,6,3,8,7,2,1],[3,8,5,2,1,5,6,9,9],[3,6,1,5,1,7,9,1,4],[9,5,2,2,5,3,7,7,6],[3,3,5,9,8,7,4,6,2],[8,1,6,2,9,5,2,4,4],[4,7,3,1,2,9,6,5,8]]


Realizando la búsqueda, sea paciente por favor.

Matriz solución:
[2, 9, 8, 3, 0, 6, 5, 1, 7]
[0, 2, 0, 4, 6, 1, 0, 3, 0]
[4, 5, 3, 6, 0, 8, 7, 2, 1]
[0, 8, 0, 2, 1, 0, 6, 9, 0]
[3, 6, 1, 5, 0, 7, 9, 0, 4]
[9, 0, 2, 0, 5, 3, 0, 7, 6]
[0, 3, 5, 9, 8, 0, 4, 6, 2]
[8, 1, 6, 0, 9, 5, 2, 4, 0]
[0, 7, 0, 1, 2, 9, 0, 5, 8]
Número de componentes conexas: 1

La ejecución ha tardado: 0.15305781364440918

68 [[4,3,4,2,4,5,9,9,6],[7,5,8,9,7,4,1,6,1],[6,2,5,6,1,5,7,9,1],[5,1,3,1,6,2,9,8,4],[7,1,6,7,8,9,4,7,5],[9,8,9,3,5,2,6,4,2],[6,6,2,1,4,7,5,7,9],[3,9,4,6,7,8,4,5,4],[5,4,5,5,8,6,2,1,3]]


Realizando la búsqueda, sea paciente por favor.

Matriz solución:
[4, 3, 0, 2, 0, 5, 9, 0, 6]
[0, 5, 8, 9, 7, 4, 0, 6, 1]
[6, 2, 5, 0, 1, 0, 7, 9, 0]
[5, 0, 3, 1, 6, 2, 0, 8, 4]
[0, 1, 6, 7, 0, 9, 4, 0, 5]
[9, 8, 0, 3, 5, 0, 6, 4, 2]
[0, 6, 2, 0, 4, 7, 5, 0, 9]
[3, 9, 4, 6, 0, 8, 0, 5, 0]
[0, 4, 0, 5, 8, 6, 2, 1, 3]
Número de componentes conexas: 1

La ejecución ha tardado: 0.10064125061035156

69 [[4,6,7,8,1,6,5,1,3],[3,4,3,1,9,3,7,5,6],[1,2,9,1,5,3,1,2,8],[9,6,3,2,1,5,8,3,4],[1,7,1,5,2,4,2,9,2],[5,3,4,5,8,1,9,2,6],[8,8,1,4,7,3,6,3,9],[2,8,5,9,4,7,4,6,1],[8,1,1,3,4,1,2,1,5]]


Realizando la búsqueda, sea paciente por favor.

Matriz solución:
[4, 0, 7, 8, 0, 6, 5, 1, 3]
[3, 4, 0, 1, 9, 0, 7, 5, 0]
[1, 0, 9, 0, 5, 3, 0, 2, 8]
[9, 6, 3, 2, 1, 5, 8, 0, 4]
[0, 7, 0, 5, 0, 4, 0, 9, 2]
[5, 3, 4, 0, 8, 1, 9, 0, 6]
[8, 0, 1, 4, 7, 0, 6, 3, 9]
[2, 8, 5, 9, 0, 7, 4, 6, 1]
[0, 1, 0, 3, 4, 0, 2, 0, 5]
Número de componentes conexas: 1

La ejecución ha tardado: 1.1375844478607178

70 [[4,9,2,7,3,1,5,8,6],[2,1,6,3,1,7,4,5,5],[1,4,5,3,9,6,8,3,4],[2,5,4,6,3,9,1,4,8],[9,7,3,7,6,4,4,1,8],[2,4,7,4,2,3,9,5,1],[3,2,8,8,7,8,6,9,5],[6,4,8,9,5,2,3,4,4],[2,6,9,1,9,8,2,2,7]]


Realizando la búsqueda, sea paciente por favor.

Matriz solución:
[4, 9, 2, 0, 3, 1, 5, 8, 6]
[0, 1, 6, 3, 0, 7, 0, 5, 0]
[1, 0, 5, 0, 9, 6, 8, 3, 4]
[2, 5, 4, 6, 0, 9, 1, 0, 8]
[9, 0, 3, 7, 6, 0, 4, 1, 0]
[0, 4, 7, 0, 2, 3, 9, 0, 1]
[3, 2, 0, 8, 7, 0, 6, 9, 5]
[6, 0, 8, 9, 5, 2, 3, 4, 0]
[0, 6, 9, 1, 0, 8, 0, 2, 7]
Número de componentes conexas: 1

La ejecución ha tardado: 0.25156140327453613

71 [[8,4,1,6,7,6,3,5,2],[3,6,2,9,2,4,2,8,1],[9,8,4,6,1,3,2,2,5],[6,2,2,7,4,9,8,3,3],[3,7,3,5,6,8,9,4,9],[1,9,8,7,3,5,6,3,5],[4,3,3,1,8,2,8,9,1],[3,2,2,8,9,9,5,7,4],[4,1,9,7,5,7,3,2,8]]


Realizando la búsqueda, sea paciente por favor.

Matriz solución:
[8, 4, 1, 0, 7, 6, 0, 5, 2]
[0, 6, 0, 9, 0, 4, 2, 8, 0]
[9, 8, 4, 6, 1, 3, 0, 2, 5]
[6, 0, 2, 0, 4, 9, 8, 0, 3]
[0, 7, 0, 5, 6, 8, 0, 4, 9]
[1, 9, 8, 7, 0, 5, 6, 3, 0]
[4, 0, 3, 0, 8, 2, 0, 9, 1]
[3, 2, 0, 8, 9, 0, 5, 7, 4]
[0, 1, 9, 0, 5, 7, 3, 0, 8]
Número de componentes conexas: 1

La ejecución ha tardado: 6.652407169342041

72 [[9,5,3,5,4,6,8,2,2],[4,1,7,3,1,5,9,5,8],[6,4,1,3,3,4,5,7,9],[1,9,2,8,5,1,4,1,2],[2,9,5,6,9,7,1,9,3],[5,3,9,8,7,8,2,8,6],[2,7,2,1,1,3,6,5,2],[9,3,8,7,6,7,3,4,5],[3,6,2,7,1,9,7,8,2]]


Realizando la búsqueda, sea paciente por favor.

Matriz solución:
[0, 5, 3, 0, 4, 6, 8, 2, 0]
[4, 1, 7, 3, 0, 5, 9, 0, 8]
[6, 0, 1, 0, 3, 4, 5, 7, 9]
[1, 9, 0, 8, 5, 0, 4, 0, 2]
[2, 0, 5, 6, 0, 7, 1, 9, 3]
[5, 3, 9, 0, 7, 8, 2, 0, 6]
[0, 7, 0, 1, 0, 3, 6, 5, 0]
[9, 0, 8, 7, 6, 0, 3, 4, 5]
[3, 6, 2, 0, 1, 9, 7, 8, 0]
Número de componentes conexas: 1

La ejecución ha tardado: 1.6113951206207275

73 [[1,7,5,2,8,2,9,6,1],[8,1,6,1,7,3,4,5,2],[3,8,5,9,4,2,1,7,1],[4,5,7,6,2,9,8,2,3],[3,1,5,4,2,7,2,6,9],[7,3,9,6,5,6,1,4,1],[7,1,1,5,3,2,6,9,4],[9,6,3,7,4,1,2,8,5],[6,1,2,5,9,8,7,8,4]]


Realizando la búsqueda, sea paciente por favor.

Matriz solución:
[0, 7, 0, 2, 8, 0, 9, 0, 1]
[8, 1, 6, 0, 7, 3, 4, 5, 2]
[0, 8, 0, 9, 4, 0, 1, 7, 0]
[4, 5, 7, 6, 2, 9, 8, 0, 3]
[3, 0, 5, 4, 0, 7, 2, 6, 9]
[0, 3, 9, 0, 5, 6, 0, 4, 0]
[7, 0, 1, 5, 3, 2, 6, 9, 0]
[9, 6, 3, 7, 0, 1, 0, 8, 5]
[6, 0, 2, 0, 9, 8, 7, 0, 4]
Número de componentes conexas: 1

La ejecución ha tardado: 23.374735593795776

74 [[8,4,2,1,3,7,5,8,3],[4,9,8,2,6,3,7,6,5],[6,3,9,3,1,8,2,6,3],[8,7,4,9,3,5,8,2,4],[8,1,3,1,9,2,4,6,7],[9,2,7,5,7,1,3,3,8],[3,8,5,2,2,8,1,9,9],[7,1,4,8,1,6,3,9,2],[2,6,2,3,8,3,2,7,9]]


Realizando la búsqueda, sea paciente por favor.

Matriz solución:
[0, 4, 0, 1, 0, 7, 5, 8, 3]
[4, 9, 8, 2, 6, 0, 7, 0, 5]
[0, 3, 9, 0, 1, 8, 2, 6, 0]
[8, 7, 0, 9, 3, 5, 0, 2, 4]
[0, 1, 3, 0, 9, 2, 4, 0, 7]
[9, 2, 0, 5, 7, 1, 0, 3, 8]
[3, 8, 5, 0, 2, 0, 1, 0, 9]
[7, 0, 4, 8, 0, 6, 3, 9, 2]
[0, 6, 2, 0, 8, 3, 0, 7, 0]
Número de componentes conexas: 1

La ejecución ha tardado: 0.15099763870239258

75 [[1,5,2,4,9,5,3,9,1],[5,9,3,4,8,3,1,3,7],[8,6,1,9,5,7,6,2,4],[6,4,7,1,3,9,6,3,8],[6,1,1,2,6,7,8,4,7],[2,8,6,3,1,4,7,9,1],[7,1,8,2,4,8,2,6,9],[3,2,3,7,3,6,3,5,1],[4,6,5,8,6,2,9,1,3]]


Realizando la búsqueda, sea paciente por favor.

Matriz solución:
[1, 0, 2, 4, 0, 5, 3, 9, 0]
[5, 9, 3, 0, 8, 0, 1, 0, 7]
[8, 0, 1, 9, 5, 7, 6, 2, 4]
[6, 4, 7, 1, 0, 9, 0, 3, 8]
[0, 1, 0, 2, 6, 0, 8, 4, 0]
[2, 8, 6, 3, 0, 4, 7, 0, 1]
[7, 0, 8, 0, 4, 0, 2, 6, 9]
[0, 2, 0, 7, 3, 6, 0, 5, 0]
[4, 6, 5, 8, 0, 2, 9, 1, 3]
Número de componentes conexas: 1

La ejecución ha tardado: 1.680161952972412

76 [[6,7,5,8,3,1,5,8,2],[8,9,7,4,1,8,4,2,5],[7,5,4,5,6,2,6,8,3],[6,4,5,7,3,5,8,3,9],[5,4,8,5,2,7,2,1,9],[1,2,1,9,8,9,7,1,6],[2,6,5,1,6,3,6,7,8],[9,5,2,5,7,8,1,8,4],[7,8,8,2,5,9,6,4,7]]


Realizando la búsqueda, sea paciente por favor.

Matriz solución:
[0, 7, 0, 8, 3, 1, 5, 0, 2]
[8, 9, 7, 0, 1, 0, 4, 2, 5]
[7, 0, 4, 5, 6, 2, 0, 8, 3]
[6, 4, 0, 7, 0, 5, 8, 3, 0]
[5, 0, 8, 0, 2, 7, 0, 1, 9]
[0, 2, 1, 9, 8, 0, 7, 0, 6]
[2, 0, 5, 1, 0, 3, 6, 7, 8]
[9, 5, 2, 0, 7, 8, 1, 0, 4]
[0, 8, 0, 2, 5, 9, 0, 4, 7]
Número de componentes conexas: 1

La ejecución ha tardado: 1.1985657215118408

77 [[7,6,8,5,1,8,2,8,9],[6,9,1,4,9,7,9,2,8],[9,3,7,6,1,4,8,5,2],[1,3,2,3,5,8,7,4,3],[7,8,5,1,2,2,9,1,4],[4,7,9,5,8,2,5,3,6],[4,4,5,7,2,9,7,8,1],[2,1,7,9,7,3,4,7,1],[2,2,6,3,1,5,1,9,7]]


Realizando la búsqueda, sea paciente por favor.

Matriz solución:
[7, 6, 0, 5, 0, 8, 2, 0, 9]
[6, 0, 1, 4, 9, 7, 0, 2, 8]
[9, 3, 7, 6, 0, 4, 8, 5, 2]
[1, 0, 2, 3, 5, 0, 7, 4, 0]
[0, 8, 0, 1, 0, 2, 9, 0, 4]
[4, 7, 9, 0, 8, 0, 5, 3, 6]
[0, 4, 5, 7, 2, 9, 0, 8, 1]
[2, 1, 0, 9, 0, 3, 4, 7, 0]
[0, 2, 6, 0, 1, 5, 0, 9, 7]
Número de componentes conexas: 1

La ejecución ha tardado: 0.293895959854126

78 [[2,1,6,4,9,3,7,3,5],[9,5,9,3,1,6,2,8,6],[6,3,4,5,7,5,1,5,8],[4,4,7,5,8,1,6,6,2],[8,7,5,9,3,4,6,1,4],[9,3,3,1,5,4,8,7,1],[4,8,1,6,1,2,5,9,1],[3,4,5,1,6,1,5,7,9],[8,9,6,3,1,5,3,6,2]]


Realizando la búsqueda, sea paciente por favor.

Matriz solución:
[2, 1, 0, 4, 9, 0, 7, 3, 5]
[0, 5, 9, 3, 0, 6, 2, 8, 0]
[6, 3, 4, 0, 7, 0, 1, 5, 8]
[4, 0, 7, 5, 8, 1, 0, 6, 0]
[8, 7, 5, 9, 3, 0, 6, 1, 4]
[9, 0, 3, 0, 5, 4, 8, 0, 1]
[0, 8, 1, 6, 0, 2, 0, 9, 0]
[3, 4, 0, 1, 6, 0, 5, 7, 9]
[0, 9, 6, 0, 1, 5, 3, 0, 2]
Número de componentes conexas: 1

La ejecución ha tardado: 0.22180557250976562

79 [[5,5,1,3,2,3,8,8,4],[4,9,4,1,6,2,7,3,7],[2,3,7,5,1,8,9,2,3],[3,3,5,2,4,5,7,8,9],[1,2,9,4,9,6,2,5,8],[2,8,6,9,3,4,6,2,5],[7,1,3,5,8,9,4,6,4],[2,2,4,3,5,7,6,9,1],[6,7,6,5,8,4,3,1,1]]


Realizando la búsqueda, sea paciente por favor.

Matriz solución:
[0, 5, 1, 0, 2, 3, 8, 0, 4]
[4, 9, 0, 1, 6, 2, 0, 3, 7]
[0, 3, 7, 0, 1, 8, 9, 2, 0]
[3, 0, 5, 2, 4, 0, 7, 8, 9]
[1, 2, 9, 4, 0, 6, 0, 5, 8]
[0, 8, 0, 9, 3, 4, 6, 0, 5]
[7, 1, 3, 5, 0, 9, 4, 6, 0]
[2, 0, 4, 3, 5, 7, 0, 9, 1]
[0, 7, 6, 0, 8, 0, 3, 1, 0]
Número de componentes conexas: 1

La ejecución ha tardado: 0.2012338638305664

80 [[9,4,6,7,5,4,3,2,7],[7,4,1,9,6,1,3,8,3],[5,7,3,4,3,2,6,5,9],[5,5,8,3,1,8,2,3,4],[3,5,4,2,4,1,8,6,6],[1,6,4,5,4,3,1,1,8],[8,1,5,3,3,6,4,9,6],[4,1,8,7,2,9,1,6,5],[2,2,9,8,5,7,5,3,4]]


Realizando la búsqueda, sea paciente por favor.

Matriz solución:
[9, 0, 6, 0, 5, 4, 0, 2, 7]
[7, 4, 1, 9, 6, 0, 3, 8, 0]
[0, 7, 0, 4, 3, 2, 6, 5, 9]
[5, 0, 8, 0, 1, 0, 2, 3, 0]
[3, 5, 4, 2, 0, 1, 8, 0, 6]
[0, 6, 0, 5, 4, 3, 0, 1, 8]
[8, 0, 5, 3, 0, 6, 4, 9, 0]
[4, 1, 0, 7, 2, 9, 0, 6, 5]
[0, 2, 9, 8, 0, 7, 5, 0, 4]
Número de componentes conexas: 1

La ejecución ha tardado: 4.851329565048218

81 [[4,5,2,1,9,6,7,8,6],[7,8,7,7,5,4,2,6,4],[3,9,1,2,1,5,6,5,8],[1,4,8,1,7,6,5,3,6],[6,1,1,5,8,3,2,7,9],[1,1,5,7,3,6,8,6,4],[4,6,4,8,7,1,5,9,8],[8,3,7,4,6,5,9,1,2],[8,2,6,7,1,8,9,1,5]]


Realizando la búsqueda, sea paciente por favor.

Matriz solución:
[4, 5, 2, 1, 9, 0, 7, 8, 6]
[0, 8, 7, 0, 5, 4, 0, 6, 0]
[3, 9, 0, 2, 1, 0, 6, 5, 8]
[0, 4, 8, 0, 7, 6, 0, 3, 0]
[6, 1, 0, 5, 8, 3, 2, 7, 9]
[1, 0, 5, 0, 3, 0, 8, 0, 4]
[0, 6, 4, 8, 0, 1, 5, 9, 0]
[8, 3, 0, 4, 6, 5, 0, 1, 2]
[0, 2, 6, 7, 0, 8, 9, 0, 5]
Número de componentes conexas: 1

La ejecución ha tardado: 0.142913818359375

82 [[8,8,2,5,7,1,3,1,6],[7,8,8,4,6,4,5,5,3],[8,2,1,1,3,6,4,4,5],[4,1,6,3,1,4,8,2,3],[5,6,6,7,7,8,1,4,2],[1,7,1,4,8,1,2,5,6],[2,2,3,8,4,5,7,6,1],[3,4,5,4,2,2,6,8,8],[2,3,1,6,5,2,3,8,7]]


Realizando la búsqueda, sea paciente por favor.

Matriz solución:
[0, 8, 2, 5, 7, 0, 3, 1, 0]
[7, 0, 8, 0, 6, 4, 5, 0, 3]
[8, 2, 0, 1, 3, 6, 0, 4, 5]
[4, 0, 6, 3, 1, 0, 8, 2, 0]
[5, 6, 0, 7, 0, 8, 1, 0, 2]
[0, 7, 1, 4, 8, 0, 2, 5, 6]
[2, 0, 3, 8, 4, 5, 7, 6, 1]
[3, 4, 5, 0, 2, 0, 6, 0, 8]
[0, 3, 0, 6, 5, 2, 0, 8, 7]
Número de componentes conexas: 1

La ejecución ha tardado: 0.17162752151489258

83 [[7,5,4,5,7,8,8,9,2],[2,9,8,7,8,3,1,6,1],[4,9,9,5,3,7,2,1,6],[8,4,1,1,8,8,3,9,7],[5,8,6,8,2,1,2,4,4],[9,6,2,4,1,2,9,8,3],[3,1,3,6,9,6,7,4,8],[7,2,5,1,1,4,8,3,9],[1,7,3,9,5,2,4,4,1]]


Realizando la búsqueda, sea paciente por favor.

Matriz solución:
[0, 5, 4, 0, 7, 8, 0, 9, 2]
[2, 9, 8, 7, 0, 3, 1, 6, 0]
[4, 0, 9, 5, 3, 7, 0, 1, 6]
[0, 4, 1, 0, 8, 0, 3, 0, 7]
[5, 0, 6, 8, 0, 1, 2, 4, 0]
[9, 6, 0, 4, 1, 2, 0, 8, 3]
[0, 1, 3, 6, 9, 0, 7, 0, 8]
[7, 2, 5, 1, 0, 4, 8, 3, 9]
[0, 7, 0, 9, 5, 0, 4, 0, 1]
Número de componentes conexas: 1

La ejecución ha tardado: 27.98271942138672

84 [[8,4,5,9,5,2,3,6,3],[3,6,1,3,1,7,8,2,9],[9,8,1,5,6,1,4,8,2],[3,8,6,1,2,5,9,7,4],[7,9,1,8,7,3,2,5,3],[5,7,9,6,7,7,3,4,8],[4,1,5,7,9,5,5,4,3],[6,7,4,2,2,8,1,9,5],[1,8,2,4,8,8,6,4,7]]


Realizando la búsqueda, sea paciente por favor.

Matriz solución:
[8, 4, 0, 9, 5, 2, 0, 6, 0]
[0, 6, 1, 3, 0, 7, 8, 2, 9]
[9, 8, 0, 5, 6, 1, 4, 0, 2]
[3, 0, 6, 1, 2, 0, 9, 7, 4]
[7, 9, 0, 8, 0, 3, 2, 5, 0]
[5, 0, 9, 6, 7, 0, 3, 0, 8]
[0, 1, 0, 7, 9, 5, 0, 4, 3]
[6, 7, 4, 2, 0, 8, 1, 9, 5]
[1, 0, 2, 4, 8, 0, 6, 0, 7]
Número de componentes conexas: 1

La ejecución ha tardado: 0.13082289695739746

85 [[1,6,3,5,9,2,8,4,8],[6,7,4,2,1,3,1,8,9],[1,4,8,8,2,2,9,5,1],[2,8,7,6,3,4,7,9,5],[1,3,5,9,8,2,6,7,2],[8,4,7,1,7,5,7,6,3],[9,7,3,6,6,1,2,8,8],[5,2,3,8,4,1,7,3,6],[4,7,6,9,2,7,7,2,8]]


Realizando la búsqueda, sea paciente por favor.

Matriz solución:
[0, 6, 0, 5, 9, 0, 8, 4, 0]
[6, 7, 4, 2, 1, 3, 0, 8, 9]
[1, 0, 8, 0, 2, 0, 9, 5, 0]
[2, 8, 0, 6, 3, 4, 0, 9, 5]
[0, 3, 5, 0, 8, 2, 6, 7, 0]
[8, 4, 7, 1, 0, 5, 0, 6, 3]
[9, 0, 3, 0, 6, 0, 2, 0, 8]
[5, 2, 0, 8, 4, 1, 7, 3, 6]
[4, 0, 6, 9, 0, 7, 0, 2, 0]
Número de componentes conexas: 1

La ejecución ha tardado: 5.04282283782959

86 [[7,5,2,9,1,6,1,8,1],[2,4,7,7,6,2,3,8,8],[4,3,9,3,7,8,1,6,1],[2,6,2,2,1,7,8,2,9],[6,9,5,9,4,8,7,1,2],[8,1,3,3,9,4,1,2,7],[3,8,3,7,2,5,9,4,7],[2,7,8,1,5,4,4,2,6],[9,4,6,1,8,1,1,7,3]]


Realizando la búsqueda, sea paciente por favor.

Matriz solución:
[7, 5, 2, 9, 0, 6, 1, 8, 0]
[0, 4, 0, 7, 6, 2, 3, 0, 8]
[4, 3, 9, 0, 7, 8, 0, 6, 1]
[0, 6, 0, 2, 1, 7, 8, 0, 9]
[6, 9, 5, 0, 4, 0, 7, 1, 2]
[8, 1, 0, 3, 9, 4, 0, 2, 0]
[0, 8, 3, 0, 2, 5, 9, 4, 7]
[2, 7, 8, 1, 5, 0, 4, 0, 6]
[9, 0, 6, 0, 8, 1, 0, 7, 3]
Número de componentes conexas: 1

La ejecución ha tardado: 0.47588157653808594

87 [[5,3,4,3,2,7,8,6,7],[6,2,5,5,9,3,7,4,3],[7,4,7,5,3,9,2,2,8],[8,6,7,8,4,3,5,3,6],[2,3,8,7,8,5,4,1,5],[3,7,2,4,7,5,1,9,5],[1,6,9,2,1,7,3,8,3],[1,5,3,1,6,8,9,8,2],[9,7,8,9,1,3,2,5,3]]


Realizando la búsqueda, sea paciente por favor.

Matriz solución:
[5, 0, 4, 3, 2, 0, 8, 6, 7]
[6, 2, 5, 0, 9, 3, 7, 4, 0]
[7, 4, 0, 5, 3, 9, 0, 2, 8]
[8, 0, 7, 0, 4, 0, 5, 3, 6]
[2, 3, 8, 7, 0, 5, 4, 1, 0]
[3, 0, 2, 4, 7, 0, 1, 9, 5]
[0, 6, 9, 2, 0, 7, 3, 8, 0]
[1, 5, 3, 0, 6, 8, 9, 0, 2]
[0, 7, 0, 9, 1, 0, 2, 5, 3]
Número de componentes conexas: 1

La ejecución ha tardado: 0.2519824504852295

88 [[3,6,7,3,1,2,9,2,3],[4,8,4,1,3,7,2,6,5],[5,9,6,3,7,6,4,1,6],[4,5,1,6,9,9,3,9,7],[2,5,6,3,9,4,1,7,5],[7,1,5,2,4,9,8,9,1],[9,4,8,1,2,1,2,3,9],[1,7,2,9,3,3,5,4,4],[8,4,9,7,5,2,2,4,6]]


Realizando la búsqueda, sea paciente por favor.

Matriz solución:
[3, 6, 7, 0, 1, 0, 9, 2, 0]
[0, 8, 4, 1, 3, 7, 0, 6, 0]
[5, 9, 0, 3, 7, 0, 4, 1, 6]
[4, 5, 1, 6, 0, 9, 3, 0, 7]
[2, 0, 6, 0, 9, 4, 1, 7, 5]
[7, 1, 5, 2, 4, 0, 8, 9, 0]
[0, 4, 8, 0, 2, 1, 0, 3, 9]
[1, 7, 2, 9, 0, 3, 5, 0, 4]
[8, 0, 9, 7, 5, 0, 2, 4, 0]
Número de componentes conexas: 1

La ejecución ha tardado: 6.581672668457031

89 [[7,1,3,1,5,9,2,8,5],[3,5,1,4,9,4,7,1,2],[2,1,6,4,3,2,1,3,7],[6,1,8,1,2,5,4,5,1],[2,6,7,3,8,4,2,1,5],[1,9,4,7,4,2,6,3,8],[9,3,9,2,2,8,1,7,4],[9,2,4,5,7,1,8,6,3],[4,8,4,4,1,7,4,2,4]]


Realizando la búsqueda, sea paciente por favor.

Matriz solución:
[7, 0, 3, 1, 5, 9, 2, 8, 0]
[3, 5, 1, 0, 9, 0, 7, 0, 2]
[0, 1, 6, 4, 0, 2, 0, 3, 7]
[6, 0, 8, 0, 2, 5, 4, 0, 1]
[2, 6, 7, 3, 8, 4, 0, 1, 5]
[1, 9, 0, 7, 4, 0, 6, 0, 8]
[0, 3, 9, 2, 0, 8, 1, 7, 4]
[9, 2, 0, 5, 7, 1, 8, 6, 3]
[0, 8, 4, 0, 1, 7, 0, 2, 0]
Número de componentes conexas: 1

La ejecución ha tardado: 0.20054268836975098

90 [[4,4,5,3,4,2,6,9,7],[2,1,3,1,9,7,4,5,3],[5,8,5,4,2,1,3,7,9],[6,7,1,6,5,8,9,4,3],[4,3,8,8,4,6,7,2,9],[4,1,6,9,3,4,9,7,2],[3,5,5,6,2,9,2,3,1],[3,9,2,5,7,3,6,8,6],[8,2,9,7,3,3,2,1,4]]


Realizando la búsqueda, sea paciente por favor.

Matriz solución:
[0, 4, 5, 3, 0, 2, 0, 9, 7]
[2, 0, 3, 1, 9, 7, 4, 5, 0]
[5, 8, 0, 4, 0, 1, 3, 0, 9]
[6, 7, 1, 0, 5, 8, 0, 4, 3]
[0, 3, 0, 8, 4, 6, 7, 2, 0]
[4, 1, 6, 0, 3, 0, 9, 7, 2]
[0, 5, 0, 6, 2, 9, 0, 3, 1]
[3, 9, 2, 5, 7, 0, 6, 8, 0]
[8, 0, 9, 7, 0, 3, 2, 1, 4]
Número de componentes conexas: 1

La ejecución ha tardado: 50.59723687171936

91 [[1,4,1,5,7,2,5,9,6],[5,4,4,6,6,7,1,7,2],[7,5,9,1,3,2,4,6,8],[6,3,1,7,2,8,5,4,3],[7,8,7,6,9,1,3,2,3],[2,1,1,8,7,6,3,4,5],[8,2,6,5,8,1,7,1,9],[8,7,5,7,9,9,6,3,4],[9,6,2,6,5,4,8,4,1]]


Realizando la búsqueda, sea paciente por favor.

Matriz solución:
[1, 4, 0, 5, 7, 2, 0, 9, 6]
[5, 0, 4, 0, 6, 7, 1, 0, 2]
[7, 5, 9, 1, 3, 0, 4, 6, 8]
[6, 0, 1, 0, 2, 8, 5, 0, 3]
[0, 8, 7, 6, 9, 0, 3, 2, 0]
[2, 1, 0, 8, 0, 6, 0, 4, 5]
[0, 2, 6, 0, 8, 1, 7, 0, 9]
[8, 0, 5, 7, 0, 9, 6, 3, 4]
[9, 6, 2, 0, 5, 4, 8, 0, 1]
Número de componentes conexas: 1

La ejecución ha tardado: 4.61993932723999

92 [[5,4,1,7,7,9,8,3,4],[2,1,4,5,5,3,1,7,8],[1,9,9,4,3,2,7,2,6],[2,8,7,5,4,2,6,4,1],[4,1,5,7,2,8,2,3,1],[9,4,4,3,1,1,5,8,2],[7,2,3,4,6,4,9,1,5],[1,7,4,1,4,6,4,8,3],[6,5,9,2,8,1,1,4,7]]


Realizando la búsqueda, sea paciente por favor.

Matriz solución:
[5, 0, 1, 7, 0, 9, 8, 0, 4]
[2, 1, 4, 0, 5, 3, 0, 7, 8]
[1, 9, 0, 4, 3, 0, 7, 2, 6]
[0, 8, 7, 5, 4, 2, 6, 0, 1]
[4, 0, 5, 0, 2, 8, 0, 3, 0]
[9, 4, 0, 3, 1, 0, 5, 8, 2]
[7, 2, 3, 0, 6, 4, 9, 1, 5]
[0, 7, 0, 1, 0, 6, 4, 0, 3]
[6, 5, 9, 2, 8, 1, 0, 4, 7]
Número de componentes conexas: 1

La ejecución ha tardado: 33.49040651321411

93 [[9,4,9,2,8,5,6,3,6],[8,9,2,4,3,3,5,7,6],[9,5,8,2,6,7,6,4,4],[2,3,7,3,9,6,4,5,3],[6,3,2,8,1,8,9,4,5],[3,1,6,5,2,4,2,1,9],[5,7,3,8,5,9,2,6,1],[6,1,4,6,5,3,8,1,2],[4,2,6,9,7,6,9,4,3]]


Realizando la búsqueda, sea paciente por favor.

Matriz solución:
[0, 4, 9, 0, 8, 5, 0, 3, 0]
[8, 9, 0, 4, 3, 0, 5, 7, 6]
[9, 5, 8, 2, 0, 7, 6, 0, 4]
[2, 0, 7, 3, 9, 0, 4, 5, 0]
[0, 3, 2, 0, 1, 8, 9, 0, 5]
[3, 0, 6, 5, 2, 4, 0, 1, 9]
[5, 7, 3, 8, 0, 9, 2, 6, 1]
[6, 1, 4, 0, 5, 3, 8, 0, 2]
[0, 2, 0, 9, 7, 6, 0, 4, 3]
Número de componentes conexas: 1

La ejecución ha tardado: 0.20113301277160645

94 [[6,4,7,5,4,9,2,5,9],[4,9,5,2,8,3,1,7,8],[7,3,7,5,9,1,4,5,2],[3,4,2,7,8,4,1,9,3],[8,5,1,4,3,7,1,3,9],[9,2,3,6,1,5,8,8,4],[3,6,4,6,5,7,9,1,2],[5,2,7,8,7,6,3,6,1],[1,6,6,9,4,2,8,4,5]]


Realizando la búsqueda, sea paciente por favor.

Matriz solución:
[6, 0, 7, 0, 4, 9, 2, 5, 0]
[4, 9, 5, 2, 0, 3, 0, 7, 8]
[7, 3, 0, 5, 9, 1, 4, 0, 2]
[3, 0, 2, 7, 8, 4, 0, 9, 0]
[8, 5, 0, 4, 0, 7, 1, 3, 9]
[9, 0, 3, 6, 1, 5, 0, 8, 4]
[0, 6, 4, 0, 5, 0, 9, 1, 0]
[5, 2, 0, 8, 7, 6, 3, 0, 1]
[1, 0, 6, 9, 0, 2, 8, 4, 5]
Número de componentes conexas: 1

La ejecución ha tardado: 0.6646637916564941

95 [[9,5,5,6,8,7,6,1,4],[6,7,4,3,2,1,5,1,8],[8,2,2,6,7,4,3,5,4],[6,5,7,4,6,8,2,3,2],[2,9,3,6,6,5,1,1,7],[7,6,2,1,3,5,8,4,2],[4,9,6,7,1,7,2,2,5],[2,1,2,9,4,6,7,2,2],[3,8,1,5,9,5,4,7,6]]


Realizando la búsqueda, sea paciente por favor.

Matriz solución:
[9, 0, 5, 0, 8, 0, 6, 1, 0]
[6, 7, 4, 3, 2, 1, 5, 0, 8]
[8, 0, 2, 0, 7, 0, 3, 5, 4]
[0, 5, 7, 4, 6, 8, 0, 3, 0]
[2, 0, 3, 6, 0, 5, 1, 0, 7]
[7, 6, 0, 1, 3, 0, 8, 4, 2]
[4, 9, 6, 0, 1, 7, 2, 0, 5]
[0, 1, 0, 9, 4, 6, 7, 2, 0]
[3, 8, 1, 5, 9, 0, 4, 7, 6]
Número de componentes conexas: 1

La ejecución ha tardado: 0.21142339706420898

96 [[1,4,6,4,9,4,8,5,2],[4,2,7,8,8,9,1,3,5],[2,4,8,6,5,9,3,8,2],[5,8,3,9,2,7,1,2,6],[1,5,4,4,7,6,2,6,8],[2,6,8,5,8,4,9,1,7],[6,9,2,9,4,5,8,8,1],[2,1,3,7,8,6,5,4,5],[7,6,5,3,1,8,7,9,4]]


Realizando la búsqueda, sea paciente por favor.

Matriz solución:
[1, 0, 6, 4, 9, 0, 8, 5, 0]
[4, 2, 7, 8, 0, 9, 1, 3, 5]
[0, 4, 0, 6, 5, 0, 3, 0, 2]
[5, 8, 3, 9, 0, 7, 0, 2, 6]
[0, 5, 4, 0, 7, 6, 2, 0, 8]
[2, 0, 8, 5, 0, 4, 9, 1, 7]
[6, 9, 2, 0, 4, 5, 0, 8, 1]
[0, 1, 0, 7, 8, 0, 5, 4, 0]
[7, 6, 5, 3, 1, 8, 0, 9, 4]
Número de componentes conexas: 1

La ejecución ha tardado: 60.49465847015381

97 [[7,7,8,9,5,4,1,3,4],[8,7,9,6,9,3,5,1,1],[6,6,8,7,8,3,4,5,3],[3,9,5,8,9,7,2,8,1],[6,5,4,5,3,8,3,2,5],[1,4,6,2,7,5,9,9,8],[9,8,7,1,1,1,6,9,5],[5,3,2,4,9,1,9,7,6],[9,4,6,8,2,6,3,8,5]]


Realizando la búsqueda, sea paciente por favor.

Matriz solución:
[7, 0, 8, 9, 5, 0, 1, 3, 4]
[8, 7, 9, 6, 0, 3, 5, 1, 0]
[0, 6, 0, 7, 8, 0, 4, 5, 3]
[3, 9, 5, 8, 0, 7, 2, 0, 1]
[6, 0, 4, 0, 3, 8, 0, 2, 5]
[1, 4, 0, 2, 7, 5, 9, 0, 8]
[0, 8, 7, 0, 1, 0, 6, 9, 0]
[5, 3, 2, 4, 9, 1, 0, 7, 6]
[9, 0, 6, 0, 2, 0, 3, 8, 0]
Número de componentes conexas: 1

La ejecución ha tardado: 0.31980371475219727

98 [[7,1,3,7,5,3,1,2,4],[8,9,1,3,6,5,2,4,2],[3,1,1,2,3,7,1,8,6],[5,7,2,1,4,1,9,1,3],[6,4,8,4,3,3,7,9,1],[3,2,1,5,1,4,3,1,8],[1,4,7,9,8,3,5,3,1],[9,5,4,1,2,1,8,3,5],[2,3,6,1,8,8,4,5,1]]


Realizando la búsqueda, sea paciente por favor.

Matriz solución:
[7, 0, 3, 0, 5, 0, 1, 2, 4]
[8, 9, 1, 3, 6, 5, 2, 4, 0]
[0, 1, 0, 2, 0, 7, 0, 8, 6]
[5, 7, 2, 0, 4, 1, 9, 0, 3]
[6, 0, 8, 4, 3, 0, 7, 9, 0]
[3, 2, 0, 5, 0, 4, 0, 1, 8]
[0, 4, 7, 9, 8, 3, 5, 0, 1]
[9, 0, 4, 0, 2, 0, 8, 3, 5]
[2, 3, 6, 1, 0, 8, 4, 5, 0]
Número de componentes conexas: 1

La ejecución ha tardado: 0.7072150707244873

99 [[7,6,4,4,9,2,2,3,5],[2,2,4,8,4,3,5,6,9],[8,2,7,1,1,3,9,3,6],[2,3,9,5,6,1,4,7,1],[7,4,2,4,5,1,8,1,7],[6,7,8,7,9,9,4,5,4],[3,9,1,6,2,8,3,4,5],[5,8,1,9,6,7,6,8,1],[6,7,6,6,8,5,4,9,3]]


Realizando la búsqueda, sea paciente por favor.

Matriz solución:
[7, 6, 0, 4, 9, 2, 0, 3, 0]
[0, 2, 4, 8, 0, 3, 5, 6, 9]
[8, 0, 7, 0, 1, 0, 9, 0, 6]
[2, 3, 9, 5, 6, 1, 0, 7, 0]
[0, 4, 2, 0, 5, 0, 8, 1, 7]
[6, 0, 8, 7, 0, 9, 4, 5, 0]
[3, 9, 1, 6, 2, 8, 0, 4, 5]
[5, 8, 0, 9, 0, 7, 6, 0, 1]
[0, 7, 6, 0, 8, 5, 0, 9, 3]
Número de componentes conexas: 1

La ejecución ha tardado: 0.33237433433532715

100 [[3,2,9,1,8,6,5,4,6],[3,8,1,2,7,5,9,5,4],[9,4,5,4,6,3,3,8,1],[9,4,1,9,5,7,5,1,2],[1,9,7,5,2,8,4,7,5],[6,4,2,8,4,9,5,7,1],[1,1,6,1,9,4,8,2,3],[2,6,4,1,3,1,7,8,8],[9,7,8,3,1,8,8,6,9]]


Realizando la búsqueda, sea paciente por favor.

Matriz solución:
[0, 2, 9, 0, 8, 6, 0, 4, 0]
[3, 8, 1, 2, 7, 0, 9, 5, 4]
[9, 0, 5, 4, 6, 3, 0, 8, 0]
[0, 4, 0, 9, 0, 7, 5, 1, 2]
[1, 9, 7, 0, 2, 0, 4, 0, 5]
[6, 0, 2, 8, 4, 9, 0, 7, 1]
[0, 1, 6, 0, 9, 4, 8, 2, 3]
[2, 6, 4, 1, 3, 0, 7, 0, 8]
[0, 7, 0, 3, 1, 8, 0, 6, 9]
Número de componentes conexas: 1

La ejecución ha tardado: 0.20137739181518555


La ejecución total del archivo ha tardado: 267.2022154331207 segundos (4 minutos y 45 segundos)


Process finished with exit code 0
